date,pop_size,A_cubfem,E_cubfem,F_cubfem,L_cubfem,M_cubfem,N_cubfem,S_cubfem,T_cubfem,A_adultfem,E_adultfem,F_adultfem,L_adultfem,M_adultfem,N_adultfem,S_adultfem,T_adultfem,A_cubmale,E_cubmale,F_cubmale,L_cubmale,M_cubmale,N_cubmale,S_cubmale,T_cubmale,A_philomale,E_philomale,F_philomale,L_philomale,M_philomale,N_philomale,S_philomale,T_philomale,A_dispmale,E_dispmale,F_dispmale,L_dispmale,M_dispmale,N_dispmale,S_dispmale,T_dispmale,A_cubfem_dead,E_cubfem_dead,F_cubfem_dead,L_cubfem_dead,M_cubfem_dead,N_cubfem_dead,S_cubfem_dead,T_cubfem_dead,A_adultfem_dead,E_adultfem_dead,F_adultfem_dead,L_adultfem_dead,M_adultfem_dead,N_adultfem_dead,S_adultfem_dead,T_adultfem_dead,A_cubmale_dead,E_cubmale_dead,F_cubmale_dead,L_cubmale_dead,M_cubmale_dead,N_cubmale_dead,S_cubmale_dead,T_cubmale_dead,A_philomale_dead,E_philomale_dead,F_philomale_dead,L_philomale_dead,M_philomale_dead,N_philomale_dead,S_philomale_dead,T_philomale_dead,A_dispmale_dead,E_dispmale_dead,F_dispmale_dead,L_dispmale_dead,M_dispmale_dead,N_dispmale_dead,S_dispmale_dead,T_dispmale_dead,A_mothers,E_mothers,F_mothers,L_mothers,M_mothers,N_mothers,S_mothers,T_mothers,A_fathers,E_fathers,F_fathers,L_fathers,M_fathers,N_fathers,S_fathers,T_fathers
1996-04-12,178,4,4,3,4,8,1,0,2,13,4,5,12,15,6,5,5,11,3,1,5,8,6,0,2,13,2,4,8,14,3,5,2,0,0,0,0,0,0,0,0,0,0,0,0,0,0,0,0,0,0,0,0,0,0,0,0,0,0,0,0,0,0,0,0,0,0,0,0,0,0,0,0,0,0,0,0,0,0,0,0,0,0,0,0,0,0,0,0,0,0,0,0,0,0,0,0
1996-05-12,182,6,4,3,3,7,0,0,2,13,4,5,14,16,7,5,5,9,3,1,7,7,5,0,2,10,2,4,6,8,1,1,2,2,1,4,6,2,2,1,2,0,0,0,0,0,0,0,0,0,0,0,0,0,0,0,0,0,0,0,0,0,0,0,0,0,0,0,0,1,0,0,0,0,0,0,0,0,0,0,0,1,0,0,2,0,0,0,0,1,0,0,2,0,0,0,0
1996-06-12,194,8,5,4,3,7,0,1,2,14,4,5,14,16,7,5,5,9,4,2,7,8,4,2,2,10,2,4,6,8,1,1,2,2,1,4,8,2,2,1,2,0,0,0,0,0,0,0,0,0,0,0,0,0,0,0,0,0,0,0,0,0,0,0,0,0,0,0,0,0,0,0,0,0,0,0,0,0,0,0,0,2,1,1,0,1,0,2,0,2,1,1,0,1,0,1,0
1996-07-12,200,10,5,4,3,7,0,1,2,13,4,5,15,16,7,5,5,9,4,2,7,7,6,5,2,10,2,4,6,8,1,1,2,2,1,4,8,2,2,1,2,0,0,0,0,1,0,0,0,1,0,0,0,0,0,0,0,1,0,0,0,1,0,0,0,0,0,0,0,0,0,0,0,0,0,0,0,0,0,0,0,2,0,0,1,1,1,2,0,2,0,0,1,1,1,1,0
1996-08-12,202,10,5,4,3,7,0,1,3,13,4,5,15,16,7,5,5,7,3,3,9,8,6,5,2,10,2,4,6,7,1,1,2,2,1,4,8,3,2,1,2,0,0,0,0,0,0,0,0,0,0,0,0,0,0,0,0,2,0,0,0,0,0,0,0,0,0,0,0,1,0,0,0,0,0,0,0,0,0,0,0,0,0,1,1,1,0,0,1,0,0,1,1,1,0,0,1
1996-09-12,210,11,5,5,3,7,1,1,5,13,4,5,15,16,7,5,5,9,4,3,9,8,6,5,2,10,2,4,6,7,1,1,2,2,1,4,8,3,2,1,2,0,0,0,0,0,0,0,0,0,0,0,0,0,0,0,0,0,0,0,0,0,0,0,0,0,0,0,0,0,0,0,0,0,0,0,0,0,0,0,0,2,1,1,0,0,1,0,1,2,1,1,0,0,1,0,1
1996-10-12,213,8,5,5,3,7,2,1,7,15,4,5,15,16,7,5,5,8,3,3,9,8,7,5,2,10,2,4,6,7,1,1,2,2,1,4,9,3,2,1,3,0,0,0,0,0,0,0,0,1,0,0,0,0,0,0,0,0,0,0,0,0,0,0,0,0,0,0,0,0,0,0,0,0,0,0,0,0,0,0,0,0,0,0,0,0,1,0,1,0,0,0,0,0,1,0,1
1996-11-12,213,9,5,5,3,8,2,1,7,15,4,5,15,16,7,5,5,8,3,3,9,8,7,5,2,10,2,3,6,5,1,1,2,2,2,4,9,3,2,1,3,0,0,0,0,0,0,0,0,0,0,0,0,0,0,0,0,1,0,0,0,0,0,0,0,0,0,1,0,1,0,0,0,0,0,0,0,0,0,0,0,1,0,0,0,1,0,0,0,1,0,0,0,1,0,0,0
1996-12-12,222,8,5,5,3,13,2,1,7,14,4,5,15,16,7,5,5,9,4,3,11,10,6,5,2,10,2,3,6,5,1,1,2,2,2,4,9,4,2,1,3,1,0,0,0,0,0,0,0,1,0,0,0,0,0,0,0,0,0,0,0,0,0,0,0,0,0,0,0,0,0,0,0,0,0,0,0,0,0,0,0,1,1,0,2,4,0,0,0,1,1,0,2,3,0,0,0
1997-01-12,223,8,5,5,3,14,2,3,6,13,4,5,15,15,7,5,6,10,4,3,10,9,6,5,2,10,2,3,6,5,1,1,2,3,2,4,9,4,2,1,3,0,0,0,0,0,0,0,0,1,0,0,0,1,0,0,0,0,0,0,0,1,0,0,0,0,0,0,0,0,0,0,0,0,0,0,0,0,0,0,0,1,0,0,0,1,0,1,0,1,0,0,0,1,0,1,0
1997-02-12,225,8,5,6,3,15,3,3,6,12,4,6,14,15,7,5,6,10,4,2,9,9,7,5,2,10,2,3,6,5,1,1,2,4,2,4,9,4,2,1,3,0,0,0,0,1,0,0,0,1,0,0,1,0,0,0,0,2,0,0,1,0,0,0,0,0,0,0,0,0,0,0,0,0,0,0,0,0,0,0,0,1,0,1,0,1,1,0,0,1,0,1,0,1,1,0,0
1997-03-12,229,7,4,6,3,16,3,3,6,12,5,6,14,16,7,5,6,10,4,2,10,9,8,5,1,9,2,3,6,5,1,1,2,3,2,4,10,5,3,1,4,1,0,0,0,0,0,0,0,0,0,0,0,0,0,0,0,0,1,0,0,0,0,0,0,1,0,0,0,0,0,0,0,0,0,0,0,0,0,0,0,0,1,0,1,2,1,0,0,0,1,0,1,1,1,0,0
1997-04-12,230,7,4,8,3,16,3,3,7,12,5,6,14,16,7,5,6,10,4,2,9,9,7,4,1,9,2,3,5,5,1,1,2,3,2,4,11,6,3,1,4,0,0,0,0,0,0,0,0,0,0,0,0,0,0,0,0,0,0,0,0,0,0,1,0,0,0,0,1,0,0,0,0,0,0,0,0,0,0,0,0,0,0,1,0,0,0,0,1,0,0,1,0,0,0,0,1
1997-05-12,234,6,4,9,3,17,3,3,5,11,5,6,14,16,7,5,7,11,6,3,9,11,7,4,1,8,2,3,5,5,1,1,2,3,2,4,11,6,3,1,4,1,0,0,0,0,0,0,1,1,0,0,0,1,0,0,0,1,0,0,0,0,0,0,0,1,0,0,0,0,0,0,0,0,0,0,0,0,0,0,0,1,1,1,0,2,0,0,0,1,1,1,0,2,0,0,0
1997-06-12,236,6,4,9,3,17,3,5,4,11,5,6,14,16,6,5,7,9,6,3,9,11,9,6,1,8,2,3,5,5,1,1,2,3,2,4,11,6,3,1,4,0,0,0,0,0,0,0,1,0,0,0,0,0,1,0,0,2,0,0,0,0,0,0,0,0,0,0,0,0,0,0,0,0,0,0,0,0,0,0,0,0,0,0,0,0,1,2,0,0,0,0,0,0,1,1,0
1997-07-12,235,5,3,9,3,17,3,5,4,11,6,6,15,16,6,5,7,9,6,3,8,12,9,6,1,8,2,3,5,5,1,1,2,3,2,3,11,6,3,1,4,1,0,0,0,0,0,0,0,0,0,0,0,0,0,0,0,0,0,0,1,0,0,0,0,0,0,0,0,0,0,0,0,0,0,0,0,1,0,0,0,0,0,0,1,1,0,0,0,0,0,0,1,1,0,0,0
1997-08-12,237,6,3,9,4,17,3,4,4,11,6,6,15,16,6,5,7,10,6,4,7,11,8,6,1,8,2,3,5,5,1,1,2,4,2,3,11,6,3,1,5,0,0,0,0,0,0,1,0,0,0,0,0,0,0,0,0,0,0,0,0,1,0,0,0,0,0,0,0,0,0,0,0,0,0,0,0,0,0,0,0,1,0,1,1,0,0,0,0,1,0,1,1,0,0,0,0
1997-09-12,233,6,3,9,4,17,3,5,3,11,6,6,15,15,6,5,7,8,6,4,5,12,7,6,1,7,2,3,5,4,1,1,1,6,4,3,11,6,3,1,5,0,0,0,0,1,0,0,1,0,0,0,0,1,0,0,0,2,0,0,0,0,0,0,0,1,0,0,1,0,0,0,0,0,0,0,0,0,0,0,0,0,0,0,0,1,0,1,0,0,0,0,0,1,0,1,0
1997-10-12,233,7,3,9,4,16,3,5,3,11,6,6,15,14,6,4,7,9,5,6,4,14,7,5,0,7,2,3,5,4,1,1,2,5,4,4,11,6,3,1,5,0,0,0,0,2,0,0,0,0,0,0,0,2,0,1,0,0,1,0,1,0,0,1,0,0,0,0,0,0,0,0,0,1,0,0,0,0,0,0,0,1,0,1,0,3,0,0,0,1,0,1,0,2,0,0,0
1997-11-12,229,8,2,9,4,13,3,5,3,10,7,6,15,15,6,4,7,8,5,6,4,14,7,5,0,6,2,3,5,4,1,1,2,5,4,4,11,6,3,1,5,0,0,0,0,2,0,0,0,1,0,0,0,0,0,0,0,2,0,0,0,0,0,0,0,1,0,0,0,0,0,0,0,0,0,0,0,0,0,0,0,1,0,0,0,0,0,0,0,1,0,0,0,0,0,0,0
1997-12-12,227,8,2,9,4,12,3,5,4,10,7,6,13,15,6,4,7,8,5,6,4,13,9,5,0,5,2,3,5,4,1,1,2,5,4,4,11,6,3,1,5,0,0,0,0,0,0,0,0,0,0,0,2,1,0,0,0,0,0,0,0,1,0,0,0,1,0,0,0,0,0,0,0,0,0,0,0,0,0,0,0,0,0,0,0,0,1,0,1,0,0,0,0,0,1,0,1
1998-01-12,228,8,2,10,4,12,4,5,4,10,7,6,13,15,6,4,6,8,5,6,4,13,9,5,0,3,2,3,5,5,1,1,2,5,5,4,11,6,3,1,5,0,0,0,0,1,0,0,0,0,0,0,0,0,0,0,1,0,0,0,0,0,0,0,0,1,0,0,0,0,0,0,0,0,0,0,0,0,0,0,0,0,0,1,0,1,1,0,0,0,0,1,0,1,1,0,0
1998-02-12,233,9,1,9,5,13,4,5,3,10,8,7,13,15,6,4,6,8,5,7,5,13,9,6,0,3,2,3,5,5,1,1,2,5,5,4,11,6,3,1,5,0,0,0,0,0,0,1,1,0,0,0,0,0,0,0,0,0,0,0,0,0,0,0,0,0,0,0,0,0,0,0,0,0,0,0,0,0,0,0,0,1,0,1,1,1,0,1,0,1,0,1,1,1,0,1,0
1998-03-12,235,9,1,7,5,15,4,5,3,9,8,8,13,14,6,4,6,8,5,8,5,15,9,6,0,3,2,3,5,5,1,1,2,5,5,4,11,6,3,1,5,0,0,1,0,0,0,0,0,1,0,0,0,1,0,0,0,0,0,0,0,0,0,0,0,0,0,0,0,0,0,0,0,0,0,0,0,0,0,0,0,0,0,1,0,2,0,0,0,0,0,1,0,2,0,0,0
1998-04-12,235,9,1,6,6,14,4,5,3,9,8,8,13,14,6,4,6,8,5,8,5,16,9,6,0,3,2,3,5,5,1,1,2,5,5,4,11,6,3,1,5,0,0,1,0,1,0,0,0,0,0,0,0,0,0,0,0,0,0,0,0,0,0,0,0,0,0,0,0,0,0,0,0,0,0,0,0,0,0,0,0,0,0,0,1,1,0,0,0,0,0,0,1,1,0,0,0
1998-05-12,238,9,1,6,5,17,3,5,4,10,8,8,14,14,6,4,6,7,4,8,4,17,9,5,1,3,2,3,5,5,1,1,2,5,5,4,11,7,3,1,5,0,0,0,0,0,1,0,0,0,0,0,0,0,0,0,0,1,1,0,0,0,0,1,0,0,0,0,0,0,0,0,0,0,0,0,0,0,0,0,0,1,0,0,0,2,0,0,1,1,0,0,0,1,0,0,1
1998-06-12,238,8,0,5,5,18,3,3,5,11,9,9,14,14,6,5,6,5,3,7,5,16,9,5,1,3,2,3,5,5,1,1,2,6,5,4,12,8,3,1,5,0,0,0,0,0,0,1,0,0,0,0,0,0,0,0,0,1,0,0,0,1,0,0,0,0,0,0,0,0,0,0,0,0,0,0,0,0,0,0,0,0,0,0,1,1,0,0,1,0,0,0,1,1,0,0,1
1998-07-12,236,5,2,5,4,17,3,3,5,13,9,9,15,14,6,5,6,5,3,7,4,16,7,3,1,3,2,3,5,5,1,1,2,6,6,4,13,9,3,1,5,1,0,0,0,1,0,0,0,0,0,0,0,0,0,0,0,0,0,0,1,0,0,0,0,0,0,0,0,0,0,0,0,0,0,1,0,0,0,0,0,0,1,0,0,0,0,0,0,0,1,0,0,0,0,0,0
1998-08-12,237,5,2,5,4,17,3,3,6,13,9,9,15,14,6,5,6,5,3,6,3,15,7,3,2,3,2,3,6,5,1,1,2,7,6,4,13,9,3,1,5,0,0,0,0,0,0,0,0,0,0,0,0,0,0,0,0,0,0,0,0,0,0,0,0,0,0,1,0,0,0,0,0,0,0,0,0,0,0,0,0,0,0,0,0,0,0,0,1,0,0,0,0,0,0,0,1
1998-09-12,237,5,3,5,5,17,2,5,5,13,9,9,15,13,7,4,7,5,2,6,3,15,6,2,2,3,1,3,5,5,1,1,2,7,6,5,13,9,4,2,5,0,0,0,0,0,0,0,0,0,0,0,0,1,0,1,0,0,0,0,0,0,1,1,0,0,0,0,0,0,0,0,0,0,0,0,0,0,0,0,0,0,1,0,1,0,0,1,0,0,1,0,1,0,0,1,0
1998-10-12,239,6,3,5,5,17,3,5,5,13,8,9,15,13,7,4,7,5,2,8,3,14,5,2,2,3,1,3,5,5,1,1,2,7,6,6,13,9,4,2,5,0,0,0,0,0,0,0,0,0,1,0,0,0,1,0,0,0,0,0,0,1,0,0,0,0,0,0,0,0,0,0,0,0,0,0,0,0,0,0,0,1,0,1,0,0,1,0,0,1,0,1,0,0,1,0,0
1998-11-12,243,5,3,6,6,16,3,5,5,13,8,9,15,14,6,4,7,5,4,8,4,14,6,2,2,3,1,3,5,5,1,1,2,7,6,6,13,9,4,2,5,1,0,0,0,0,0,0,0,0,0,0,0,0,1,0,0,0,0,0,0,0,0,0,0,0,0,0,0,0,0,0,0,0,0,0,0,0,0,0,0,0,1,1,1,0,1,0,0,0,1,1,1,0,1,0,0
1998-12-12,242,6,3,6,6,13,3,5,4,12,8,9,15,17,6,4,7,4,3,8,4,13,6,2,2,3,1,3,5,5,1,1,2,8,6,6,13,9,5,3,5,1,0,0,0,1,0,0,1,1,0,0,0,0,0,0,0,1,0,0,0,0,0,0,0,0,0,0,0,0,0,0,0,0,0,0,0,0,0,0,0,1,0,0,0,1,0,0,0,1,0,0,0,1,0,0,0
1999-01-12,250,6,3,7,7,14,3,7,5,10,8,9,15,18,6,3,7,3,3,10,4,14,6,2,3,3,1,3,5,5,1,1,2,8,6,6,13,9,6,3,5,0,0,0,0,0,0,0,0,2,0,0,0,0,0,1,0,0,0,0,0,0,0,0,0,0,0,0,0,0,0,0,0,0,0,0,0,0,0,0,0,0,0,2,1,2,0,1,1,0,0,1,1,2,0,1,1
1999-02-12,254,6,4,6,7,12,3,7,8,10,8,11,15,19,6,3,7,2,5,9,4,14,5,1,4,3,1,3,5,5,1,1,2,7,6,8,13,9,6,3,5,0,0,0,0,0,0,0,0,0,0,0,0,1,0,0,0,0,0,1,0,0,0,1,0,0,0,0,0,0,0,0,0,1,0,0,0,0,0,0,0,0,2,1,0,0,0,0,2,0,2,1,0,0,0,0,1
1999-03-12,254,6,5,6,7,12,3,8,8,10,8,11,15,19,6,3,7,2,5,9,3,12,5,2,4,3,1,3,5,4,1,1,2,7,6,9,13,9,5,4,5,0,1,0,0,0,0,0,0,0,0,0,0,0,0,0,0,0,0,0,1,1,0,0,0,0,0,0,0,2,0,0,0,0,0,0,0,0,1,0,0,0,1,0,1,1,0,1,0,0,1,0,1,1,0,1,0
1999-04-12,256,6,5,4,7,12,3,8,7,9,8,13,15,19,6,3,8,2,7,8,3,15,5,2,4,3,0,3,5,4,1,1,2,7,6,9,14,9,5,3,5,0,0,0,0,0,0,0,0,1,0,0,0,0,0,0,0,1,0,1,0,0,0,0,0,0,0,0,0,0,0,0,0,0,0,0,0,0,0,1,0,1,1,0,0,2,0,0,0,1,1,0,0,2,0,0,0
1999-05-12,256,6,7,4,7,11,3,8,7,9,8,13,15,19,5,2,8,2,7,7,3,14,5,2,4,3,0,2,5,5,1,1,2,9,6,9,13,9,5,4,6,0,0,0,0,2,0,0,0,0,0,0,0,0,1,1,0,0,0,0,0,0,0,0,0,0,0,0,0,0,0,0,0,0,0,0,1,0,0,0,0,0,2,0,0,2,0,0,0,0,1,0,0,2,0,0,0
1999-06-12,256,7,7,4,6,11,5,7,7,9,8,13,14,19,5,3,8,3,7,7,3,14,3,1,4,2,0,2,5,4,2,1,2,8,6,10,14,10,5,4,6,0,0,0,1,0,0,0,0,0,0,0,1,0,0,0,0,0,0,0,0,1,0,0,0,0,0,0,0,1,0,0,0,1,0,0,0,0,0,0,0,1,0,0,0,1,1,0,0,1,0,0,0,1,1,0,0
1999-07-12,256,7,7,4,5,11,5,7,6,9,8,13,15,18,5,3,8,3,9,7,4,12,5,1,4,2,0,2,5,5,2,1,2,8,6,10,13,10,5,3,6,0,0,0,0,0,0,0,1,0,0,0,0,1,0,0,0,0,0,0,0,1,1,0,0,0,0,0,0,0,0,0,0,0,0,0,1,0,0,1,0,0,1,0,1,0,2,0,0,0,1,0,1,0,2,0,0
1999-08-12,258,7,7,4,4,12,4,5,9,10,8,13,16,18,5,3,8,2,9,7,4,11,5,1,5,3,0,2,5,5,2,1,2,8,6,10,12,11,5,3,6,0,0,1,0,0,1,2,0,0,0,0,0,0,0,0,0,0,0,0,0,1,0,0,0,0,0,0,0,0,0,0,0,0,0,0,0,0,0,0,0,1,0,1,0,1,0,0,3,1,0,1,0,1,0,0,2
1999-09-12,254,7,7,4,4,11,4,3,9,10,7,13,16,18,5,3,8,4,9,7,5,10,5,0,5,3,0,2,5,5,2,1,2,7,6,10,12,11,5,3,6,0,0,0,0,1,0,1,0,0,1,0,0,0,0,1,0,0,0,0,0,0,0,1,0,0,0,0,0,0,0,0,0,2,0,0,0,0,0,0,0,1,0,0,1,0,0,0,0,1,0,0,1,0,0,0,0
1999-10-12,252,6,7,4,4,10,4,3,9,11,7,13,16,19,5,3,7,4,8,5,4,9,5,0,5,3,0,2,5,6,1,1,2,7,6,11,14,11,5,3,7,0,0,0,0,0,0,0,0,0,0,0,0,0,0,0,1,0,1,0,1,0,0,0,0,0,0,0,0,0,0,0,0,0,0,0,0,0,0,0,0,0,0,0,0,1,0,0,0,0,0,0,0,1,0,0,0
1999-11-12,254,5,7,4,4,11,4,3,9,12,7,13,16,19,5,3,7,4,8,5,4,10,5,0,5,3,0,2,5,6,1,1,2,7,6,11,14,11,5,3,7,0,0,0,0,0,0,0,1,0,0,0,0,0,0,0,0,0,0,0,0,0,0,0,0,0,0,0,0,0,0,0,0,0,0,0,0,0,0,0,0,0,0,0,0,1,0,0,1,0,0,0,0,1,0,0,1
1999-12-12,257,5,7,4,4,13,4,3,8,11,7,13,16,19,5,2,7,4,10,6,4,11,4,0,5,3,0,2,5,6,1,1,2,7,6,11,14,11,5,3,8,0,0,0,0,0,0,0,0,1,0,0,0,0,0,1,1,0,0,0,0,0,0,0,0,0,0,0,0,0,1,0,0,0,0,0,0,0,0,0,0,0,1,1,0,3,1,0,0,0,1,1,0,3,1,0,0
2000-01-12,258,4,7,3,4,14,3,2,8,11,7,14,16,18,4,2,7,8,10,7,5,12,4,0,5,3,0,2,5,6,1,0,2,7,6,11,13,11,5,3,8,1,0,0,0,0,1,1,0,0,0,0,0,1,1,0,0,0,0,0,0,0,0,0,0,0,0,0,0,0,0,1,0,0,0,0,1,0,0,0,0,3,0,1,1,1,0,0,0,2,0,1,1,1,0,0,0
2000-02-12,254,4,7,3,3,14,3,2,8,9,7,14,17,18,4,1,7,8,9,6,4,13,5,0,5,3,0,2,3,6,1,0,2,7,7,12,13,11,5,3,8,0,0,0,0,0,0,0,0,2,0,0,0,1,0,1,0,0,1,0,0,0,0,0,0,0,0,0,1,0,0,0,0,1,0,0,0,0,0,0,0,0,0,0,0,1,1,0,0,0,0,0,0,1,1,0,0
2000-03-12,252,4,7,4,4,13,3,2,8,9,7,14,17,18,4,1,7,6,8,5,5,12,5,0,5,3,0,2,3,6,1,0,2,7,7,12,13,12,5,3,8,0,0,0,0,0,0,0,0,0,0,0,0,1,0,0,0,2,1,0,0,0,0,0,0,0,0,0,0,0,0,0,0,0,0,0,0,0,0,0,1,0,0,1,1,0,0,0,0,0,0,1,1,0,0,0,0
2000-04-12,250,4,7,4,3,13,3,2,8,9,7,14,18,18,4,0,7,5,8,6,6,11,5,0,5,3,0,2,3,5,1,0,2,8,7,12,13,12,5,2,8,0,0,0,0,0,0,0,0,0,0,0,0,0,0,1,0,1,0,0,0,1,0,0,0,0,0,0,0,0,0,0,0,0,0,0,0,0,0,1,0,0,0,1,1,0,0,0,0,0,0,1,1,0,0,0,0
2000-05-12,248,4,7,4,3,11,2,2,6,9,7,14,18,21,4,0,6,6,8,6,6,11,5,0,4,3,0,2,3,5,1,0,2,9,7,12,12,12,5,2,9,0,0,0,0,0,1,0,2,0,0,0,0,0,0,0,1,0,0,0,0,1,0,0,0,0,0,0,0,0,0,0,0,0,0,0,0,0,0,0,0,1,0,0,0,2,0,0,0,1,0,0,0,1,0,0,0
2000-06-12,255,4,7,5,8,11,3,2,6,9,6,14,18,21,4,0,5,6,6,10,7,10,5,0,4,3,0,2,3,5,1,0,2,9,7,12,12,12,5,2,9,0,0,0,0,0,0,0,0,0,1,0,0,0,0,0,1,0,2,0,0,1,0,0,0,0,0,0,0,0,0,0,0,0,0,0,0,0,0,0,0,0,0,3,3,0,1,0,0,0,0,3,3,0,1,0,0
2000-07-12,254,3,6,6,8,10,3,2,6,9,7,14,18,21,4,0,4,6,6,10,9,10,5,0,4,3,0,2,3,5,1,0,2,9,7,12,11,12,5,2,9,1,0,0,0,1,0,0,0,0,0,0,0,0,0,0,1,0,0,0,0,0,0,0,0,0,0,0,0,0,0,0,0,0,0,0,1,0,0,0,0,0,0,1,2,0,0,0,0,0,0,1,2,0,0,0,0
2000-08-12,258,6,7,6,8,11,3,2,5,9,7,14,18,21,4,0,5,7,6,9,9,10,5,0,3,3,0,2,3,5,1,0,2,8,7,12,12,12,5,2,9,0,1,0,0,0,0,0,0,0,0,0,0,0,0,0,0,0,0,1,0,0,0,0,0,0,0,0,0,0,0,0,0,1,0,0,0,0,0,0,0,3,1,0,0,1,0,0,0,2,1,0,0,1,0,0,0
2000-09-12,256,6,7,6,7,12,3,1,5,9,7,14,19,21,4,1,5,7,6,9,8,9,5,0,3,2,0,2,3,5,1,0,2,8,7,12,12,12,5,2,9,0,0,0,0,0,0,0,0,0,0,0,0,0,0,0,0,0,0,0,1,1,0,0,0,1,0,0,0,0,0,0,0,0,0,0,0,0,0,0,0,0,0,0,0,1,0,0,0,0,0,0,0,1,0,0,0
2000-10-12,256,5,7,7,9,12,2,1,6,9,7,14,19,19,6,1,3,7,7,8,7,9,7,0,3,2,0,2,3,5,1,0,2,8,7,12,11,12,5,2,9,1,0,0,0,0,0,0,0,1,0,0,0,2,0,0,2,0,0,1,1,0,0,0,0,0,0,0,0,0,0,0,0,0,0,0,0,0,0,0,1,1,1,1,2,0,2,0,1,1,1,1,2,0,2,0,1
2000-11-12,256,5,7,6,10,11,2,1,6,9,7,15,19,18,6,1,3,7,6,10,8,9,7,0,3,1,0,2,3,4,1,0,2,8,7,13,11,12,5,2,9,0,0,0,0,1,0,0,0,0,0,0,0,1,0,0,0,0,0,0,0,0,0,0,0,1,0,0,0,1,0,0,0,0,0,0,0,0,0,0,0,0,0,1,1,0,0,0,0,0,0,1,1,0,0,0,0
2000-12-12,260,4,8,6,9,13,2,1,6,10,7,15,18,18,6,1,3,7,5,12,8,12,7,0,3,1,0,1,3,3,1,0,2,8,7,14,11,12,5,2,9,0,0,0,1,1,0,0,0,0,0,0,1,1,0,0,0,0,1,0,0,0,0,0,0,0,0,1,0,0,0,0,0,0,0,0,0,0,0,0,0,0,1,1,0,5,0,0,0,0,1,1,0,2,0,0,0
2001-01-12,263,5,8,7,9,12,2,1,5,10,6,15,18,19,6,1,4,7,5,10,8,13,7,0,2,1,0,2,3,3,1,0,2,8,8,15,11,13,5,2,9,0,0,0,0,0,0,0,0,0,1,0,0,0,0,0,0,1,0,0,0,0,0,0,0,0,0,0,0,0,0,0,0,0,0,0,0,0,0,0,0,1,0,1,0,1,0,0,0,1,0,1,0,1,0,0,0
2001-02-12,264,5,7,6,12,13,3,1,3,10,7,16,16,19,6,1,6,7,5,9,8,13,7,0,1,1,0,2,3,3,0,0,2,8,8,15,11,14,5,2,9,0,0,0,0,0,0,0,0,0,0,0,2,0,0,0,0,0,0,1,0,0,0,0,0,0,0,0,0,0,1,0,0,0,0,0,0,0,0,0,0,0,0,0,2,1,1,0,0,0,0,0,2,1,1,0,0
2001-03-12,267,5,5,6,13,13,4,0,3,9,9,16,16,19,6,2,6,7,5,9,7,13,7,2,1,1,0,2,3,3,0,0,2,8,8,16,11,14,5,2,9,0,0,0,0,1,0,0,0,1,0,0,0,0,0,0,0,0,0,0,0,0,0,0,0,0,0,0,0,0,0,0,0,0,0,0,0,0,0,0,0,0,0,0,1,1,1,1,0,0,0,0,1,1,1,1,0
2001-04-12,270,4,5,7,15,13,4,0,4,9,9,16,16,19,6,2,6,6,3,10,7,11,7,2,1,1,0,2,3,4,0,0,2,8,8,16,13,15,5,2,9,1,1,0,0,0,0,0,0,0,0,0,0,0,0,0,0,0,0,0,0,0,0,0,0,0,0,0,0,0,0,0,0,1,0,0,0,0,0,0,0,0,1,2,1,0,0,0,1,0,1,2,1,0,0,0,1
2001-05-12,267,4,4,8,15,11,4,0,4,9,10,15,16,19,6,2,6,6,3,10,7,10,7,2,1,1,0,2,3,4,0,0,1,8,9,16,13,15,5,2,9,0,0,0,0,1,0,0,0,0,0,1,0,1,0,0,0,0,0,0,0,0,0,0,0,0,0,0,0,0,0,0,1,0,0,0,0,0,0,0,0,0,0,1,0,0,0,0,0,0,0,1,0,0,0,0,0
2001-06-12,264,4,4,8,16,10,4,0,4,9,10,15,16,18,6,2,6,5,3,10,8,10,6,2,1,1,0,2,3,4,0,0,1,8,9,17,12,15,5,2,8,0,0,0,0,1,0,0,0,0,0,0,0,1,0,0,0,1,0,0,0,0,1,0,0,0,0,0,0,0,0,0,0,0,0,1,0,0,0,0,0,0,0,0,1,0,0,0,0,0,0,0,1,0,0,0,0
2001-07-12,274,5,5,8,17,12,4,0,4,9,10,14,16,18,6,2,5,7,3,11,9,11,4,2,1,1,0,2,3,4,0,0,1,8,9,18,12,17,5,3,8,0,0,0,0,0,0,0,0,0,0,1,0,0,0,0,1,0,0,0,0,0,0,0,0,0,0,0,0,0,0,0,0,0,0,0,0,0,0,0,0,2,2,1,2,2,0,0,0,2,2,1,2,2,0,0,0
2001-08-12,275,5,5,7,17,14,4,0,3,9,9,15,16,17,6,2,6,7,4,10,10,13,5,2,0,1,0,2,3,4,0,0,1,8,9,18,12,17,4,3,7,0,0,0,0,0,0,0,0,0,1,0,0,1,0,0,0,0,0,1,0,0,0,0,0,0,0,0,0,0,0,0,0,0,0,0,0,1,1,0,1,0,1,0,1,2,1,0,0,0,1,0,1,2,1,0,0
2001-09-12,277,5,5,7,19,13,4,0,3,9,9,14,16,17,6,2,6,7,4,10,12,12,5,2,0,1,0,2,3,4,0,0,1,9,9,18,12,17,4,3,7,0,0,0,0,1,0,0,0,0,0,1,0,0,0,0,0,0,0,0,0,1,0,0,0,0,0,0,0,0,0,0,0,0,0,0,0,0,0,0,0,0,0,0,3,0,0,0,0,0,0,0,2,0,0,0,0
2001-10-12,275,4,5,6,20,13,4,0,3,9,9,14,16,16,6,2,6,7,4,11,13,12,5,2,0,1,0,2,3,4,0,0,1,9,9,17,11,17,4,3,7,1,0,2,0,1,0,0,0,0,0,0,0,1,0,0,0,0,0,0,0,1,0,0,0,0,0,0,0,0,0,0,0,0,0,1,1,0,0,0,0,0,0,1,2,1,0,0,0,0,0,1,2,1,0,0,0
2001-11-12,273,4,5,6,20,12,4,0,4,8,9,14,16,16,6,2,7,8,4,11,13,11,4,1,2,1,0,2,3,4,0,0,1,9,9,16,11,16,4,3,7,0,0,0,0,1,0,0,0,1,0,0,0,0,0,0,0,0,0,0,0,1,1,1,0,0,0,0,0,0,0,0,0,0,0,1,0,1,0,0,0,1,0,0,0,0,0,0,2,1,0,0,0,0,0,0,1
2001-12-12,271,5,5,6,20,10,4,0,4,8,9,14,16,18,5,2,7,7,3,11,13,12,3,1,2,1,0,2,2,4,0,0,1,9,9,17,12,16,4,2,7,0,0,0,0,0,0,0,0,0,0,0,0,0,1,0,0,2,0,1,0,0,0,0,0,0,0,0,1,0,0,0,0,1,0,0,0,0,0,1,0,1,0,1,0,1,0,0,0,1,0,1,0,1,0,0,0
2002-01-12,270,4,5,6,20,10,5,0,4,8,9,14,16,17,5,2,7,5,3,10,12,13,3,1,2,1,0,2,3,4,0,0,1,8,9,17,13,17,4,3,7,1,0,0,0,0,0,0,0,0,0,0,0,1,0,0,0,1,0,0,0,0,0,0,0,0,0,0,0,0,0,0,0,1,0,0,0,0,0,0,0,1,0,0,0,1,1,0,0,1,0,0,0,1,1,0,0
2002-02-12,271,4,7,6,19,10,6,0,4,8,9,14,16,17,5,2,6,5,3,10,11,12,4,1,2,1,0,2,3,4,0,0,1,8,9,17,13,17,4,3,8,0,0,0,1,0,0,0,0,0,0,0,0,0,0,0,1,0,0,1,1,0,0,0,0,0,0,0,0,0,0,0,0,0,0,0,0,0,0,0,0,0,1,1,0,0,1,0,0,0,1,1,0,0,1,0,0
2002-03-12,272,4,8,7,19,10,6,0,4,8,9,14,16,17,5,2,6,5,3,11,11,12,4,1,2,1,0,1,3,4,0,0,1,8,9,17,12,17,4,3,8,0,0,0,0,0,0,0,0,0,0,0,0,0,0,0,0,0,0,0,0,0,0,0,0,0,0,1,0,0,0,0,0,0,0,0,1,0,0,0,0,0,1,2,0,0,0,0,0,0,1,2,0,0,0,0,0
2002-04-12,276,4,8,8,19,12,6,0,4,8,9,14,16,17,5,2,5,5,4,11,11,13,4,2,2,1,0,0,3,4,0,0,1,8,9,15,13,18,4,3,8,0,0,0,0,0,0,0,0,0,0,0,0,0,0,0,1,0,0,0,0,0,0,0,0,0,0,0,0,0,0,0,0,0,0,1,0,0,0,0,1,0,1,1,0,2,0,1,0,0,1,1,0,1,0,1,0
2002-05-12,280,6,8,8,20,12,6,0,4,8,9,14,16,18,5,2,5,5,4,11,11,14,4,2,2,1,0,0,3,4,0,0,1,8,8,15,14,18,3,3,8,0,0,0,0,1,0,0,0,0,0,0,0,0,0,0,0,0,0,0,1,0,0,0,0,0,0,0,0,0,0,0,0,0,1,0,0,0,1,0,0,1,0,0,1,2,0,0,0,1,0,0,1,2,0,0,0
2002-06-12,282,6,8,7,15,13,5,0,4,8,9,15,21,18,6,2,5,5,4,8,11,13,6,2,2,1,0,1,3,4,0,0,0,8,8,15,14,20,3,4,8,1,0,0,0,0,0,0,0,0,0,0,0,0,0,0,0,0,0,0,0,1,0,0,0,0,0,0,0,0,0,0,0,0,0,0,0,0,0,0,0,1,0,0,0,1,1,0,0,1,0,0,0,1,1,0,0
2002-07-12,280,6,8,6,15,15,5,0,4,8,9,16,21,18,6,2,5,5,4,7,8,13,6,1,2,1,0,1,5,4,0,0,0,8,8,15,13,20,3,4,8,0,0,0,0,0,0,0,1,0,0,0,0,0,0,0,0,0,0,1,1,0,0,1,0,0,0,0,0,0,0,0,0,0,0,0,1,0,0,0,0,0,0,0,0,1,0,0,1,0,0,0,0,1,0,0,1
2002-08-12,286,6,6,8,15,16,5,0,4,7,11,16,21,18,6,2,5,7,4,9,8,15,5,1,2,1,0,1,5,4,0,0,0,8,8,15,13,19,3,4,8,0,0,0,0,0,0,0,0,1,0,0,0,0,0,0,0,0,0,0,0,0,1,0,0,0,0,0,0,0,0,0,0,0,0,0,0,1,0,0,0,1,0,3,0,3,0,0,0,1,0,2,0,3,0,0,0
2002-09-12,284,6,6,8,15,17,7,0,4,7,11,16,21,18,6,1,5,6,4,9,8,14,5,1,2,1,0,1,4,4,0,0,0,8,8,15,13,19,3,4,7,0,0,0,0,0,0,0,0,0,0,0,0,0,0,1,0,1,0,0,0,1,0,0,0,0,0,0,1,0,0,0,0,0,0,0,0,0,0,0,1,0,0,0,0,1,1,0,0,0,0,0,0,1,1,0,0
2002-10-12,279,5,6,7,13,17,6,0,4,8,11,17,23,18,7,1,5,5,3,8,8,14,4,1,2,1,0,1,4,4,0,0,0,8,8,14,13,19,3,4,7,0,0,0,0,0,0,0,0,0,0,0,0,0,0,0,0,1,0,1,0,0,0,0,0,0,1,0,0,0,0,0,0,0,0,1,0,1,0,0,0,0,0,0,0,0,0,0,0,0,0,0,0,0,0,0,0
2002-11-12,282,5,6,8,13,16,7,0,4,7,11,17,24,18,7,1,5,5,3,6,7,17,4,1,2,1,0,1,4,3,0,0,0,8,8,14,15,20,3,4,7,0,0,0,0,2,0,0,0,1,0,0,0,0,0,0,0,0,0,0,0,0,0,0,0,0,0,0,0,1,0,0,0,0,0,0,0,0,0,0,0,0,0,1,1,2,1,0,0,0,0,1,1,2,1,0,0
2002-12-12,282,5,5,8,12,15,8,0,4,7,12,17,24,19,7,1,5,5,3,6,8,17,4,1,2,1,0,1,4,3,0,0,0,8,8,14,15,19,4,4,6,0,0,0,1,0,0,0,0,0,0,0,0,0,0,0,0,0,0,0,0,0,0,0,0,0,0,0,0,0,0,0,0,0,0,1,0,1,0,0,0,0,0,0,1,1,1,0,0,0,0,0,1,1,1,0,0
2003-01-12,286,4,6,8,12,14,8,0,5,8,12,18,24,19,7,1,5,5,4,6,8,16,4,1,3,1,0,1,4,3,0,0,0,8,9,14,15,18,4,4,7,0,0,0,0,2,0,0,0,0,0,0,0,0,0,0,0,0,0,0,0,0,0,0,0,0,0,0,0,0,0,0,0,0,0,0,0,1,0,0,0,0,2,1,0,1,0,0,1,0,2,1,0,1,0,0,1
2003-02-12,293,5,6,8,12,13,8,0,5,8,12,18,27,20,8,1,5,7,4,6,8,16,5,1,3,1,0,1,4,3,0,0,0,8,9,14,15,17,4,4,7,0,0,0,0,0,0,0,0,0,0,0,0,0,0,0,0,0,0,0,1,0,0,0,0,0,0,0,0,0,0,0,0,0,0,0,0,1,0,0,0,2,0,0,3,0,1,0,0,2,0,0,1,0,1,0,0
2003-03-12,291,5,6,9,11,14,7,0,5,8,12,17,27,20,9,1,5,7,3,6,9,16,5,1,4,1,0,1,3,3,0,0,0,7,9,14,14,17,4,4,7,0,0,0,0,0,0,0,0,0,0,1,1,0,0,0,0,0,1,1,0,1,0,0,0,0,0,0,1,0,0,0,0,1,0,0,1,0,0,0,0,0,0,2,1,1,0,0,1,0,0,2,1,1,0,0,1
2003-04-12,298,7,8,9,10,14,7,0,4,8,13,17,28,20,9,1,6,7,5,7,9,16,4,1,4,1,0,1,3,3,0,0,0,7,9,14,13,17,5,4,7,0,0,0,0,0,0,0,0,0,0,0,0,0,0,0,0,0,0,0,0,0,1,0,0,0,0,0,0,0,0,0,0,0,0,0,0,0,0,0,0,1,4,1,0,0,0,0,0,1,3,1,0,0,0,0,0
2003-05-12,303,8,8,10,10,14,7,0,4,8,13,18,28,20,9,1,6,8,5,7,12,15,4,1,4,1,0,1,3,3,0,0,0,7,9,14,13,16,5,4,7,0,0,0,0,0,0,0,0,0,0,0,0,0,0,0,0,0,0,0,0,1,0,0,0,0,0,0,0,0,0,0,0,0,0,0,0,1,0,0,0,2,0,2,2,0,0,0,0,2,0,2,2,0,0,0,0
2003-06-12,300,8,9,10,9,14,7,0,4,8,13,18,29,19,9,1,6,8,5,7,10,14,4,1,4,1,0,1,4,3,0,0,0,7,9,13,13,16,5,4,7,0,0,0,0,0,0,0,0,0,0,0,0,1,0,0,0,0,0,0,1,1,0,0,0,0,0,0,0,0,0,0,0,0,0,1,0,0,0,0,0,0,1,0,0,0,0,0,0,0,1,0,0,0,0,0,0
2003-07-12,299,9,8,12,8,14,7,0,4,7,14,18,30,17,9,1,6,7,4,7,9,13,4,1,4,1,1,1,4,3,0,0,0,6,9,14,13,17,6,4,7,0,0,0,0,0,1,0,0,1,0,0,0,3,0,0,0,0,0,0,0,1,0,0,0,0,0,0,0,0,0,0,0,1,0,0,1,0,0,0,0,1,0,1,0,1,1,0,0,1,0,1,0,1,1,0,0
2003-08-12,297,9,8,13,8,12,7,0,3,7,14,16,30,19,9,1,6,6,5,7,9,11,3,1,4,1,1,1,4,3,1,0,0,7,9,15,13,17,6,4,7,0,0,0,0,0,0,0,1,0,0,2,0,0,0,0,0,1,0,0,0,1,0,0,0,0,0,0,0,0,0,0,0,0,0,0,0,0,0,0,0,0,1,1,0,0,0,0,0,0,1,1,0,0,0,0,0
2003-09-12,302,9,8,12,9,12,7,0,3,7,14,16,32,19,9,1,5,6,6,8,10,12,3,1,4,1,1,1,4,3,1,0,0,7,9,15,13,17,7,4,6,0,0,1,0,0,0,0,0,0,0,0,0,0,0,0,1,0,0,0,0,0,0,0,0,0,0,0,0,0,0,0,0,0,0,0,0,0,0,0,1,0,1,1,3,1,0,0,0,0,1,1,3,1,0,0,0
2003-10-12,300,8,8,11,8,14,7,0,3,7,14,17,33,18,9,1,5,5,6,8,9,10,3,1,4,1,1,1,4,3,1,0,0,7,10,15,14,17,7,4,6,1,0,0,0,0,0,0,0,0,0,0,0,1,0,0,0,1,0,1,0,1,0,0,0,0,0,0,0,0,0,0,0,0,0,0,0,0,0,0,0,0,0,1,0,1,0,0,0,0,0,1,0,1,0,0,0
2003-11-12,300,8,8,12,8,14,7,0,1,7,14,17,32,16,9,1,6,5,6,11,9,10,4,1,2,1,1,1,4,3,1,0,0,7,10,15,14,17,7,4,7,0,1,0,0,0,0,0,0,0,0,0,1,2,0,0,1,0,0,0,0,1,0,0,0,0,0,0,0,0,0,0,0,0,0,0,1,0,0,0,0,0,1,3,0,1,1,0,0,0,1,2,0,1,1,0,0
2003-12-12,304,8,8,12,8,15,7,0,2,8,14,17,32,16,9,1,6,5,6,12,10,10,4,1,3,1,1,1,3,3,1,0,0,7,10,14,13,17,7,4,8,0,0,0,0,0,0,0,0,0,0,0,0,0,0,0,0,0,0,0,0,0,0,0,0,0,0,0,1,0,0,0,0,0,0,1,1,0,0,0,0,1,0,1,1,1,0,0,1,1,0,1,1,1,0,0,1
2004-01-12,301,7,6,12,8,16,6,2,3,8,14,17,32,16,10,1,6,5,5,11,10,8,4,1,3,1,1,1,3,3,1,0,0,7,11,14,13,17,7,4,7,1,2,0,0,0,0,0,0,0,0,0,0,0,0,0,0,0,1,1,0,1,0,0,1,0,0,0,0,0,0,0,0,0,0,0,0,0,0,0,1,0,0,0,0,1,0,1,2,0,0,0,0,1,0,1,2
2004-02-12,301,7,6,13,8,16,5,2,3,8,14,17,32,15,11,1,5,5,4,11,11,9,3,1,3,1,1,0,3,3,1,0,0,7,11,14,15,17,7,4,7,0,0,0,0,0,0,0,0,0,0,0,0,1,0,0,1,0,1,0,0,0,0,0,0,0,0,1,0,0,0,0,0,0,0,0,0,0,0,0,0,0,0,1,1,1,0,0,0,0,0,1,1,1,0,0,0
2004-03-12,301,8,6,11,8,16,5,2,3,8,14,18,32,15,11,1,5,5,5,11,10,11,3,1,3,1,1,0,3,3,1,0,0,6,11,14,15,16,7,4,7,0,0,1,0,0,0,0,0,0,1,0,0,0,0,0,0,0,0,1,1,0,0,0,0,0,0,0,0,0,0,0,0,1,0,0,0,1,0,0,0,1,2,1,0,1,0,0,0,1,1,1,0,1,0,0,0
2004-04-12,305,9,6,11,8,16,6,2,3,8,14,18,31,16,11,1,5,6,6,11,10,10,4,0,3,1,1,0,2,3,1,0,0,6,11,14,16,16,8,4,7,0,0,1,0,0,0,0,0,0,0,0,1,0,0,0,0,0,0,0,0,0,0,0,0,0,0,0,1,0,0,0,0,0,0,0,0,1,0,0,0,1,1,1,0,1,1,0,0,1,1,1,0,1,1,0,0
2004-05-12,309,8,6,12,8,16,5,2,3,9,14,18,32,18,11,1,5,6,6,12,10,10,4,0,3,1,1,0,2,3,1,0,0,7,11,14,17,16,6,4,7,0,0,0,0,0,1,0,0,0,0,0,0,0,0,0,0,0,0,0,0,0,0,0,0,0,0,0,0,0,0,0,0,0,0,0,0,0,2,0,0,0,0,1,1,2,0,0,0,0,0,1,1,1,0,0,0
2004-06-12,310,8,6,13,11,15,5,2,3,8,14,18,32,19,11,0,5,6,7,13,11,9,2,0,3,1,1,0,2,3,1,0,0,7,12,14,16,15,6,4,7,0,0,0,0,0,0,0,0,1,0,0,0,0,0,1,0,0,0,0,0,1,1,0,0,0,0,0,0,0,0,0,0,0,0,0,1,1,0,0,0,0,1,1,2,0,0,0,0,0,1,1,2,0,0,0,0
2004-07-12,312,9,7,12,9,13,7,2,3,8,14,18,31,21,11,0,5,6,7,12,11,11,3,0,3,1,1,0,2,3,1,0,0,7,12,14,16,15,6,4,7,0,0,1,2,1,0,0,0,0,0,0,1,0,0,0,0,0,0,1,0,1,0,0,0,0,0,0,0,0,0,0,0,0,0,0,0,0,0,0,0,1,1,0,0,3,2,0,0,1,1,0,0,3,2,0,0
2004-08-12,317,9,8,10,9,13,8,2,3,8,14,20,31,21,11,0,5,3,7,12,13,11,4,0,3,1,1,0,1,3,1,0,0,8,13,15,16,16,6,4,7,0,0,0,0,0,0,0,0,0,0,0,0,0,0,0,0,1,0,2,0,0,0,0,0,0,0,0,0,0,0,0,0,0,0,0,0,0,0,0,0,0,1,2,1,0,1,0,0,0,1,2,1,0,1,0,0
2004-09-12,314,9,8,12,10,11,6,2,3,7,14,20,31,21,13,0,5,3,7,11,12,10,6,0,3,1,1,0,1,2,1,0,0,8,13,15,15,16,6,4,7,0,0,0,0,1,0,0,0,1,0,0,0,1,0,0,0,0,0,1,1,1,0,0,0,0,0,0,0,1,0,0,0,0,0,0,1,0,0,0,0,0,0,1,1,0,2,0,0,0,0,1,1,0,1,0,0
2004-10-12,316,9,11,12,10,11,8,2,3,6,14,20,31,20,13,0,5,3,7,11,14,9,6,0,3,1,1,0,1,2,1,0,0,8,13,14,14,16,6,4,7,0,0,0,0,2,0,0,0,1,0,0,0,1,0,0,0,0,1,0,0,1,0,0,0,0,0,0,0,0,0,0,0,0,0,1,1,0,0,0,0,0,2,0,2,1,1,0,0,0,2,0,1,1,1,0,0
2004-11-12,324,9,11,12,11,13,9,2,3,6,14,21,32,20,13,0,5,3,7,13,15,7,6,0,3,1,1,0,1,3,1,0,0,9,12,14,14,16,6,4,7,0,0,0,0,0,0,0,0,0,0,0,0,0,0,0,0,0,0,0,0,0,0,0,0,0,0,0,0,0,0,0,0,0,1,0,0,0,0,0,0,0,0,3,3,2,1,0,0,0,0,3,2,2,1,0,0
2004-12-12,324,8,11,12,12,14,9,2,4,6,14,21,32,20,13,0,5,3,6,14,14,7,6,0,3,1,1,0,1,3,1,0,0,9,12,15,14,15,6,3,7,1,0,0,0,0,0,0,0,0,0,0,0,0,0,0,0,0,1,1,0,0,0,0,1,0,0,0,0,0,0,0,0,0,0,0,0,1,0,1,0,0,0,1,1,1,0,0,1,0,0,1,1,1,0,0,1
2005-01-12,325,8,11,11,12,13,9,2,3,6,14,21,32,21,13,0,6,2,5,17,14,9,6,0,2,1,1,0,1,3,1,0,1,9,10,15,15,15,6,3,7,0,0,0,0,1,0,0,0,0,0,1,0,0,0,0,0,1,0,0,0,0,0,0,0,0,0,0,0,0,0,0,0,0,2,0,0,0,0,0,0,0,0,2,0,2,0,0,0,0,0,2,0,2,0,0,0
2005-02-12,323,7,11,11,10,13,8,2,3,7,13,20,34,21,14,0,6,1,5,19,13,9,5,0,2,1,1,0,1,2,1,0,1,9,13,14,16,14,6,3,7,0,0,0,0,0,0,0,0,0,1,1,0,0,0,0,0,0,0,0,0,0,0,0,0,0,0,0,0,0,0,0,0,0,0,1,0,1,0,0,0,0,0,2,0,0,0,0,0,0,0,2,0,0,0,0,0
2005-03-12,333,7,12,15,11,12,8,2,3,7,13,20,34,22,14,0,6,0,6,20,12,11,5,0,4,1,1,0,1,2,1,0,1,9,13,14,16,13,6,3,8,0,0,0,0,0,0,0,0,0,0,0,0,0,0,0,0,1,0,0,1,0,0,0,0,0,0,0,0,0,0,0,0,0,0,0,0,1,0,0,0,0,2,3,1,2,0,0,1,0,2,3,1,2,0,0,1
2005-04-12,338,5,10,15,14,13,8,2,4,9,16,19,34,22,14,0,6,0,6,20,12,10,5,0,5,1,1,0,1,2,1,0,1,10,13,14,16,13,5,3,8,0,1,0,0,0,0,0,0,0,0,1,0,0,0,0,0,0,1,0,1,1,0,0,0,0,0,0,0,0,0,0,0,0,0,0,0,0,0,0,0,0,2,0,2,1,0,0,1,0,2,0,2,1,0,0,1
2005-05-12,338,4,9,16,14,14,7,2,4,10,16,20,32,22,14,0,6,2,6,19,11,10,4,0,5,1,1,0,2,2,1,0,1,10,13,14,16,13,5,3,9,0,1,0,0,0,1,0,0,0,0,0,2,0,0,0,0,0,0,1,0,0,1,0,0,0,0,0,0,0,0,0,0,0,0,0,0,0,0,0,0,1,0,1,1,1,0,0,0,1,0,1,1,1,0,0,0
2005-06-12,334,4,8,17,13,14,7,2,3,10,16,20,32,22,14,0,6,2,6,18,11,10,4,0,5,1,1,0,2,2,1,0,1,10,13,14,16,13,5,2,9,0,0,0,1,0,0,0,1,0,1,0,0,0,0,0,0,0,0,1,0,0,0,0,0,0,0,0,0,0,0,0,0,0,0,0,0,0,0,1,0,0,0,1,0,0,0,0,0,0,0,1,0,0,0,0,0
2005-07-12,329,4,7,16,14,12,6,2,3,11,16,21,30,23,14,0,5,3,6,18,10,11,4,0,5,1,0,0,2,2,1,0,1,10,13,13,16,13,5,2,9,0,1,0,0,1,0,0,0,0,0,0,2,0,1,0,1,0,0,1,1,0,0,0,0,0,1,0,0,0,0,0,0,0,0,1,0,0,0,0,0,1,0,1,1,1,0,0,0,1,0,1,1,1,0,0,0
2005-08-12,340,4,8,16,18,14,6,2,3,11,16,22,29,22,14,0,5,3,8,18,11,12,4,0,5,1,0,0,2,2,1,0,1,9,13,13,16,15,5,2,9,0,0,0,0,0,0,0,0,0,0,0,1,1,0,0,0,0,0,0,0,0,0,0,0,0,0,0,0,0,0,0,0,0,0,0,0,0,0,0,0,0,2,1,3,2,0,0,0,0,2,1,2,1,0,0,0
2005-09-12,343,4,10,16,16,14,6,2,3,11,16,22,31,21,14,0,5,4,9,17,12,11,4,0,5,1,0,1,2,1,1,0,1,9,13,14,16,15,5,2,9,0,0,0,0,0,0,0,0,0,0,0,0,1,0,0,0,0,0,0,0,0,0,0,0,0,0,0,0,1,0,0,0,0,0,0,0,0,0,0,0,1,2,0,1,0,0,0,0,1,2,0,1,0,0,0,0
2005-10-12,344,4,10,18,16,13,8,2,3,11,16,22,31,21,14,0,5,4,9,17,12,11,4,0,5,1,0,1,2,1,0,0,0,9,13,14,16,15,5,2,9,0,0,0,0,1,0,0,0,0,0,0,0,0,0,0,0,0,0,1,0,0,0,0,0,0,0,0,0,0,1,0,1,0,0,0,0,0,0,0,0,0,0,2,0,0,1,0,0,0,0,2,0,0,1,0,0
2005-11-12,347,4,9,17,16,13,8,0,3,11,17,23,31,21,14,0,5,4,10,17,12,15,5,0,5,1,0,1,2,1,0,0,0,9,13,14,16,14,5,2,9,0,0,0,0,0,0,2,0,0,0,0,0,0,0,0,0,0,0,0,0,0,0,0,0,0,0,0,0,0,0,0,0,0,0,0,0,1,0,0,0,0,1,0,0,2,1,0,0,0,1,0,0,2,1,0,0
2005-12-12,348,3,9,17,16,14,8,0,3,11,17,23,31,21,14,0,5,4,10,16,11,17,6,0,4,1,0,0,2,1,0,0,0,8,13,15,17,15,5,2,9,0,0,0,0,0,0,0,0,1,0,0,0,0,0,0,0,0,0,0,0,0,0,0,0,0,0,1,0,0,0,0,0,1,0,0,0,0,0,0,0,0,0,0,0,2,1,0,0,0,0,0,0,2,1,0,0
2006-01-12,345,3,9,17,16,13,8,0,2,11,17,23,31,21,13,0,6,4,10,15,11,19,5,0,4,1,0,0,2,1,0,0,0,7,13,15,17,15,5,2,9,0,0,1,0,1,0,0,0,0,0,0,0,0,1,0,0,0,0,1,1,0,1,0,0,0,0,0,0,0,0,0,0,1,0,0,0,0,0,0,0,0,0,1,1,1,0,0,0,0,0,1,1,1,0,0,0
2006-02-12,343,3,9,17,15,14,9,0,2,11,17,23,31,21,13,0,6,4,10,16,10,16,5,0,3,1,0,0,2,1,0,0,0,7,13,15,16,14,7,2,10,0,0,0,1,1,0,0,0,0,0,1,0,0,0,0,0,0,0,0,0,2,1,0,1,0,0,0,0,0,0,0,0,0,0,0,1,0,0,0,0,0,0,2,0,1,1,0,0,0,0,2,0,1,1,0,0
2006-03-12,340,1,9,17,15,14,9,0,2,11,18,23,30,21,13,0,6,4,8,15,10,15,7,0,3,1,0,0,1,0,0,0,0,8,14,15,17,14,7,2,10,1,0,0,1,1,0,0,0,1,0,0,1,0,0,0,0,0,1,0,0,0,0,0,0,0,0,0,1,1,0,0,0,0,0,0,0,0,0,0,0,0,1,0,1,1,1,0,0,0,1,0,1,1,1,0,0
2006-04-12,344,1,9,18,18,14,8,0,2,10,18,24,30,21,14,0,6,3,8,14,11,16,6,0,3,1,0,0,1,0,0,0,0,8,14,14,17,15,7,2,11,0,0,0,1,0,0,0,0,1,0,0,0,0,0,0,0,1,0,0,0,0,0,0,0,0,0,0,0,0,0,0,0,0,0,1,0,0,0,0,0,0,0,2,3,1,0,0,0,0,0,2,2,1,0,0,0
2006-05-12,353,2,11,17,17,15,9,0,2,10,18,25,30,22,14,0,6,4,9,13,10,17,7,0,3,1,0,0,1,0,0,0,0,8,14,14,17,15,8,2,12,0,1,0,1,0,0,0,0,0,0,0,1,0,0,0,0,0,0,1,0,0,0,0,0,0,0,0,0,0,0,0,0,0,0,0,0,0,0,0,0,1,3,1,1,3,2,0,0,1,2,1,1,3,2,0,0
2006-06-12,355,2,11,17,15,16,10,0,1,10,18,26,32,21,14,0,5,4,8,13,11,18,8,0,3,1,0,0,1,0,0,0,0,7,14,15,17,15,8,2,12,0,0,0,0,0,0,0,1,0,0,0,0,1,0,0,1,1,0,1,0,0,0,0,0,0,0,0,0,0,0,0,0,1,0,0,0,0,0,0,0,1,0,2,1,1,1,0,0,1,0,1,1,1,1,0,0
2006-07-12,360,3,10,19,15,16,9,0,1,11,19,25,32,22,15,0,5,5,8,14,13,15,7,0,3,1,0,0,1,0,0,0,0,8,15,14,18,15,7,2,12,0,0,0,0,0,0,0,0,0,0,1,0,0,0,0,0,0,0,2,0,2,0,0,0,0,0,0,0,0,0,0,0,0,0,1,0,0,1,0,0,2,0,4,1,1,0,0,0,1,0,3,1,1,0,0,0
2006-08-12,364,3,9,19,16,15,11,0,1,11,20,25,32,21,16,0,5,5,8,13,13,14,8,0,3,1,0,0,1,0,0,0,0,9,15,15,18,16,7,2,12,0,0,0,0,1,0,0,0,0,0,0,0,1,0,0,0,0,0,0,0,1,0,0,0,0,0,0,0,0,0,0,0,0,0,0,0,0,0,0,0,0,0,0,2,0,2,0,0,0,0,0,2,0,2,0,0
2006-09-12,361,3,10,18,16,13,10,0,2,11,20,26,33,21,16,0,5,4,7,12,13,14,8,0,4,1,0,0,1,0,0,0,0,9,15,15,17,16,7,2,12,0,0,0,0,2,1,0,0,0,0,1,0,0,0,0,0,1,2,1,0,0,0,0,0,0,0,0,0,0,0,0,0,0,0,0,1,0,0,0,0,0,1,1,1,0,0,0,1,0,1,1,1,0,0,0,1
2006-10-12,360,4,10,19,19,12,10,0,2,11,20,26,33,20,16,0,5,4,6,12,11,13,8,0,4,1,0,0,2,0,0,0,0,9,15,15,17,16,6,2,12,0,0,0,0,0,0,0,0,0,0,0,0,2,2,0,0,1,1,0,1,1,0,0,0,0,0,0,0,0,0,0,0,0,0,0,0,0,1,0,0,1,0,1,3,0,1,0,0,1,0,1,2,0,1,0,0
2006-11-12,365,6,10,17,17,11,11,0,2,10,20,27,35,22,17,0,5,4,6,11,12,14,8,0,4,1,0,1,2,0,0,0,0,9,15,15,17,16,6,2,12,0,0,1,0,0,0,0,0,1,0,0,0,0,0,0,0,0,0,0,0,0,0,0,0,0,0,0,0,0,0,0,0,0,0,0,0,0,0,0,0,1,0,0,1,2,1,0,0,1,0,0,1,1,1,0,0
2006-12-12,371,6,11,17,15,12,11,0,2,10,20,27,36,23,17,0,5,4,7,11,12,15,8,0,5,1,0,1,2,0,0,0,0,9,15,15,18,16,6,2,12,0,0,1,1,0,0,0,0,0,0,0,0,0,0,0,0,0,0,0,0,0,0,0,0,0,0,0,0,0,0,0,0,0,0,0,0,0,0,0,0,0,2,2,0,2,0,0,1,0,2,2,0,2,0,0,1
2007-01-12,374,6,14,16,14,13,11,0,3,9,20,27,36,22,17,0,5,4,8,11,14,13,8,0,5,0,0,1,2,0,0,0,0,8,16,17,18,16,6,2,12,0,0,1,1,0,0,0,0,1,0,0,0,1,0,0,0,0,0,0,0,0,0,0,0,0,0,1,0,0,0,0,0,0,0,0,0,0,1,0,0,0,3,1,1,1,0,0,1,0,3,1,1,1,0,0,1
2007-02-12,380,6,14,19,15,15,11,0,3,9,20,27,35,21,17,0,5,4,8,12,13,15,8,0,5,0,0,1,2,0,0,0,0,8,16,17,19,15,6,2,12,0,0,1,0,0,0,0,0,0,0,0,1,1,0,0,0,0,0,0,2,0,0,0,0,0,0,0,0,0,0,0,0,0,0,0,0,1,0,0,0,0,0,4,2,3,0,0,0,0,0,4,2,3,0,0,0
2007-03-12,381,5,17,16,15,15,10,0,3,9,21,30,34,21,17,0,5,4,9,12,12,13,8,0,3,0,0,1,2,1,0,0,0,9,16,17,20,15,7,2,12,1,0,0,0,0,1,0,0,0,0,0,1,0,0,0,0,0,0,0,0,0,0,0,0,0,0,0,0,0,0,0,0,0,1,0,1,1,0,0,0,0,3,1,0,0,0,0,0,0,3,1,0,0,0,0,0
2007-04-12,384,5,15,16,15,15,10,0,2,9,23,30,37,19,17,0,6,2,11,13,11,13,9,0,3,0,0,1,2,1,0,0,0,9,17,17,20,15,8,2,11,0,0,0,0,0,0,0,0,0,0,0,0,2,0,0,0,2,0,0,0,0,0,0,0,0,0,0,0,0,0,0,0,0,0,0,0,1,0,0,0,0,2,1,3,0,1,0,1,0,2,1,2,0,1,0,1
2007-05-12,387,6,15,14,16,17,10,0,2,9,21,32,36,19,17,0,6,3,11,14,10,14,10,0,3,0,0,1,2,1,0,0,0,9,17,16,20,15,8,2,11,0,0,1,0,0,0,0,0,0,2,0,1,1,0,0,0,0,0,0,0,2,0,0,0,0,0,0,0,0,0,0,0,0,0,1,0,1,0,0,0,1,0,1,1,5,1,0,0,1,0,1,1,4,1,0,0
2007-06-12,384,6,15,14,15,16,11,0,2,8,21,32,36,18,17,0,6,3,11,15,11,14,11,0,3,0,0,1,2,1,0,0,0,9,17,14,19,15,8,2,11,0,0,0,1,1,0,0,0,1,0,0,0,1,0,0,0,0,0,0,0,0,0,0,0,0,0,0,0,0,0,0,0,0,0,2,1,0,0,0,0,0,0,1,1,0,1,0,0,0,0,1,1,0,1,0,0
2007-07-12,385,6,15,14,15,16,11,0,2,8,21,32,36,18,17,0,6,4,12,15,11,14,11,0,3,0,0,2,2,1,0,0,0,9,17,14,19,13,8,2,11,0,0,1,0,1,0,0,0,0,0,0,0,0,0,0,0,0,0,0,0,0,0,0,0,0,0,0,0,0,0,0,0,0,0,0,0,2,0,0,0,1,1,2,0,1,0,0,0,1,1,2,0,1,0,0,0
2007-08-12,394,7,15,15,18,15,11,0,2,8,21,33,37,19,17,0,6,2,11,18,11,14,11,0,3,0,1,2,2,1,0,0,0,9,17,15,19,13,8,2,11,0,0,0,0,0,0,0,0,0,1,0,0,0,0,0,0,2,0,0,0,0,0,0,0,0,0,0,0,0,0,0,0,0,0,1,0,0,0,0,0,1,1,4,3,0,0,0,0,1,1,3,1,0,0,0,0
2007-09-12,397,8,16,15,21,15,10,0,2,8,22,32,37,19,17,0,6,3,11,19,12,13,11,0,3,0,1,2,2,1,0,0,0,9,18,15,19,11,7,2,10,0,0,0,0,0,1,0,0,0,0,1,0,0,0,0,0,0,0,1,0,1,0,0,0,0,0,0,0,0,0,0,0,0,0,0,1,2,1,0,0,1,1,1,3,0,0,0,0,1,1,1,3,0,0,0,0
2007-10-12,402,8,20,15,21,15,11,0,2,8,22,32,37,19,18,0,6,3,13,17,12,13,11,0,3,0,1,3,2,0,0,0,0,9,18,14,19,11,7,2,10,0,0,0,0,0,0,0,0,0,0,0,0,0,0,0,0,0,0,1,0,0,0,0,0,0,0,0,0,1,0,0,0,0,0,1,0,0,0,0,0,0,5,0,0,0,1,0,0,0,5,0,0,0,1,0,0
2007-11-12,400,8,21,16,20,16,11,0,2,8,22,32,37,19,18,0,6,3,12,16,12,10,10,0,3,0,1,3,2,0,0,0,0,8,20,14,20,11,7,2,10,0,0,0,1,1,0,0,0,0,0,0,0,0,0,0,0,0,1,1,0,2,0,0,0,0,0,0,0,0,0,0,0,1,0,1,0,0,0,0,0,0,1,1,0,2,0,0,0,0,1,1,0,2,0,0,0
2007-12-12,405,8,21,16,21,17,12,0,2,8,22,32,37,20,18,0,6,2,12,18,12,10,10,0,3,0,1,2,2,0,0,0,0,8,20,15,19,12,7,2,10,0,0,0,0,1,0,0,0,0,0,0,0,0,0,0,0,1,0,0,0,0,0,0,0,0,0,1,0,0,0,0,0,1,0,0,0,0,0,0,0,0,0,2,1,2,2,0,0,0,0,2,1,2,1,0,0
2008-01-12,410,7,21,16,22,18,12,0,2,8,22,33,37,20,18,0,6,2,11,19,14,10,11,0,3,0,1,2,2,1,0,0,0,8,20,14,18,12,8,2,10,1,0,0,0,0,0,0,0,0,0,0,0,0,0,0,0,0,1,0,0,0,0,0,0,0,0,0,0,0,0,0,0,0,0,0,1,0,0,0,0,0,0,2,3,2,1,0,0,0,0,2,3,1,1,0,0
2008-02-12,416,7,21,18,21,16,11,0,3,8,22,33,37,22,19,0,6,2,11,21,14,12,11,0,3,0,1,2,2,1,0,0,0,8,20,14,18,12,8,2,10,0,0,0,1,0,0,0,0,0,0,0,0,0,0,0,0,0,0,1,0,0,0,0,0,0,0,0,0,0,0,0,0,0,0,0,1,0,0,0,0,0,0,3,0,1,1,0,1,0,0,2,0,1,1,0,1
2008-03-12,416,7,20,18,20,16,16,0,3,8,23,32,37,22,19,0,6,2,11,21,14,12,10,0,2,0,1,2,2,1,0,0,0,7,20,14,17,13,8,2,10,0,0,1,1,0,0,0,0,0,0,1,0,0,0,0,0,0,0,1,0,0,0,0,1,0,0,0,0,0,0,0,0,1,0,0,2,0,0,0,0,0,0,2,0,0,3,0,0,0,0,1,0,0,2,0,0
2008-04-12,419,10,20,17,18,16,16,0,3,8,23,33,39,22,19,0,6,1,12,22,13,11,9,0,2,0,1,2,3,1,0,0,0,7,20,14,17,13,9,2,10,0,0,0,0,0,0,0,0,0,0,1,1,0,0,0,0,1,0,0,0,0,1,0,0,0,0,0,0,0,0,0,0,0,0,0,0,0,0,0,0,2,1,2,1,0,0,0,0,2,1,2,1,0,0,0,0
2008-05-12,429,9,18,18,17,15,16,0,6,9,26,33,40,22,19,0,6,1,10,22,13,14,10,0,4,0,1,2,2,1,0,0,0,7,21,14,18,14,9,2,10,0,0,0,0,0,0,0,0,0,0,0,0,1,1,0,0,0,1,0,1,0,0,0,0,0,0,0,0,0,0,0,0,0,0,0,0,0,0,0,0,0,1,1,1,3,3,0,3,0,1,1,1,2,3,0,2
2008-06-12,426,9,17,18,18,14,15,0,6,9,26,33,37,23,20,0,5,1,10,24,13,14,9,0,4,0,1,2,2,1,0,0,0,8,21,14,18,14,8,2,10,0,1,0,1,0,0,0,0,0,0,0,3,0,0,0,1,0,0,0,1,0,0,0,0,0,0,0,0,0,0,0,0,0,0,0,1,0,1,0,0,0,0,2,2,0,0,0,0,0,0,1,2,0,0,0,0
2008-07-12,429,9,16,18,17,14,16,0,6,9,26,34,37,24,20,0,5,1,10,22,11,14,11,0,4,0,1,3,2,1,0,0,0,9,21,14,18,15,8,2,11,0,1,0,2,0,0,0,0,0,0,0,0,0,0,0,0,0,1,1,1,0,0,0,0,0,0,0,0,0,0,0,0,0,0,0,0,0,0,0,0,0,1,2,1,1,2,0,0,0,1,2,1,1,2,0,0
2008-08-12,433,10,17,18,17,13,15,0,6,9,26,34,37,24,22,0,5,3,11,24,8,15,12,0,4,0,1,3,3,1,0,0,0,8,20,13,17,16,8,2,11,0,1,1,0,2,0,0,0,0,0,0,0,0,0,0,0,0,0,0,1,0,0,0,0,0,0,0,1,0,0,0,0,1,1,1,1,0,0,0,0,2,2,2,0,1,2,0,0,1,1,2,0,1,2,0,0
2008-09-12,430,10,16,17,17,11,14,0,5,9,27,34,38,24,22,0,6,3,13,24,8,14,12,0,3,0,1,3,3,1,0,0,0,8,20,13,17,16,8,2,11,0,0,0,0,2,1,0,0,0,0,1,0,0,0,0,0,0,0,0,0,1,0,0,0,0,0,0,0,0,0,0,0,0,0,0,0,0,1,0,0,0,2,0,1,0,0,0,0,0,2,0,1,0,0,0,0
2008-10-12,431,9,16,16,15,12,12,0,4,10,26,33,41,24,24,0,6,4,12,24,11,13,13,0,3,0,1,3,3,1,0,0,0,8,20,13,17,16,8,2,11,1,1,0,0,0,1,0,1,0,1,2,0,0,0,0,0,0,1,0,0,2,0,0,0,0,0,0,0,0,0,0,0,0,0,0,0,0,0,0,0,1,1,0,2,1,2,0,0,1,1,0,2,1,2,0,0
2008-11-12,433,7,17,17,14,14,11,0,4,12,26,33,41,24,24,0,6,6,12,24,13,11,13,0,3,0,1,3,3,1,0,0,0,8,20,13,16,15,8,2,11,0,0,0,1,0,0,0,0,0,0,0,0,0,1,0,0,0,0,1,1,1,0,0,0,0,0,0,0,0,0,0,0,0,0,0,1,1,1,0,0,1,1,2,3,1,0,0,0,1,1,2,2,1,0,0,0
2008-12-12,431,8,17,16,14,11,12,0,4,12,27,33,41,26,24,0,6,6,13,22,13,10,12,0,3,0,1,3,3,1,0,0,0,7,20,13,17,16,9,2,9,0,0,0,0,1,0,0,0,0,0,1,0,0,0,0,0,0,0,1,1,0,2,0,0,0,0,0,0,0,0,0,0,1,0,0,0,0,0,0,2,1,2,0,1,0,1,0,1,1,2,0,1,0,1,0,1
2009-01-12,424,7,15,16,15,10,12,0,2,12,28,32,41,26,24,0,6,6,13,24,11,9,12,0,3,0,1,3,4,1,0,0,0,7,19,12,17,15,10,2,9,1,1,0,0,0,0,0,1,0,1,1,0,1,0,0,1,0,0,0,0,1,0,0,0,0,0,0,0,0,0,0,0,1,1,1,0,1,0,0,0,0,2,1,1,0,0,0,0,0,2,1,1,0,0,0,0
2009-02-12,428,7,15,14,16,9,12,0,3,12,28,35,41,28,24,0,6,6,13,22,10,9,12,0,4,0,1,3,4,1,0,0,0,7,20,12,18,16,10,2,8,0,0,0,1,0,0,0,0,0,0,1,0,0,0,0,0,0,0,0,1,0,0,0,0,0,0,0,0,0,0,0,0,0,0,1,0,0,0,0,1,0,0,1,2,1,0,0,1,0,0,1,2,1,0,0,1
2009-03-12,441,7,11,14,18,13,14,0,3,12,32,35,41,28,23,0,5,6,12,24,11,13,12,0,4,0,3,3,4,1,0,0,0,7,20,12,17,16,10,2,8,0,0,0,0,0,0,0,0,0,0,0,0,0,1,0,1,0,0,1,0,0,0,0,0,0,0,0,0,0,0,0,0,0,0,0,1,0,0,0,0,0,1,2,2,6,2,0,0,0,1,2,1,3,1,0,0
2009-04-12,450,6,13,18,17,12,13,0,3,11,32,35,42,27,23,0,5,7,12,25,13,13,15,0,4,0,3,3,4,1,0,0,0,7,21,13,17,16,10,2,7,1,0,0,0,1,1,0,0,1,0,0,0,1,0,0,0,0,1,1,0,0,0,0,0,0,0,0,0,0,0,0,0,0,0,0,0,0,0,0,1,1,3,5,2,0,2,0,0,1,3,4,2,0,2,0,0
2009-05-12,452,6,13,19,15,13,13,0,3,11,32,35,43,26,23,0,5,8,12,27,13,13,14,0,4,0,3,3,4,1,0,0,0,7,21,12,18,17,9,2,7,0,0,1,1,0,0,0,0,0,0,0,0,1,0,0,0,0,0,2,0,0,0,0,0,0,0,0,0,0,0,0,0,0,0,1,0,0,1,0,0,1,0,5,0,1,0,0,0,1,0,2,0,1,0,0,0
2009-06-12,448,5,12,19,15,12,12,0,5,10,32,35,43,26,24,0,5,8,12,25,12,14,15,0,4,0,3,3,4,1,0,0,0,7,20,12,18,17,9,2,7,1,1,0,0,1,0,0,0,1,0,0,0,0,0,0,0,0,1,1,1,0,0,0,0,0,0,0,0,0,0,0,0,0,1,0,1,0,0,0,0,0,1,0,0,1,1,0,2,0,1,0,0,1,1,0,2
2009-07-12,451,5,12,17,15,13,12,0,5,10,32,36,43,25,24,0,5,8,13,25,12,15,15,0,4,0,3,4,4,1,0,0,0,7,20,12,17,19,9,2,7,0,0,1,0,0,0,0,0,0,0,0,0,1,0,0,0,1,0,1,0,0,0,0,0,0,0,0,0,0,0,0,0,0,0,0,0,0,0,0,0,1,1,2,0,1,0,0,0,1,1,1,0,1,0,0,0
2009-08-12,449,4,11,16,13,12,12,0,5,10,32,37,46,25,24,0,5,8,12,24,14,14,15,0,3,0,3,4,4,1,0,0,0,7,20,12,18,19,9,3,7,0,0,0,0,1,0,0,0,1,1,0,0,0,0,0,0,0,0,0,0,1,1,0,1,0,0,0,0,0,0,0,0,0,0,0,0,0,0,0,0,0,0,0,2,0,1,0,0,0,0,0,1,0,1,0,0
2009-09-12,456,2,13,18,13,13,12,0,5,11,33,37,47,25,24,0,5,7,13,25,14,14,15,0,3,0,3,5,4,1,0,0,0,6,20,12,18,19,10,3,6,1,0,0,0,0,0,0,0,0,1,0,0,0,0,0,0,1,0,0,0,0,0,0,0,0,0,0,0,0,0,0,0,1,0,0,0,0,0,0,1,0,3,4,2,1,0,0,0,0,3,2,1,1,0,0,0
2009-10-12,464,2,12,18,14,14,9,0,7,11,34,36,47,25,26,0,5,7,15,24,18,16,14,0,3,0,3,5,4,1,0,0,0,6,20,12,17,19,11,3,6,0,0,0,0,1,1,0,0,0,1,1,0,0,0,0,0,0,0,1,0,0,1,0,0,0,0,0,0,0,0,0,0,0,0,0,1,0,0,0,0,0,2,0,3,3,0,0,1,0,2,0,1,2,0,0,1
2009-11-12,474,3,14,16,17,17,10,0,7,11,33,37,47,26,26,0,5,8,13,24,19,17,15,0,3,0,3,5,3,0,0,0,0,6,20,12,17,20,11,3,6,0,0,1,0,0,0,0,0,0,1,0,0,0,0,0,0,0,1,0,1,0,0,0,0,0,0,0,0,1,0,0,0,0,0,0,1,0,0,0,0,1,1,0,3,3,2,0,0,1,1,0,2,2,2,0,0
2009-12-12,479,4,14,17,17,17,10,0,7,11,32,37,47,26,25,0,5,8,13,24,21,16,17,0,3,0,3,5,3,0,0,0,0,6,21,14,16,20,11,3,6,0,0,0,1,0,1,0,0,0,1,0,1,0,1,0,0,0,0,0,0,0,0,0,0,0,0,0,0,0,0,0,0,0,0,0,1,0,0,0,0,1,0,2,3,0,3,0,0,1,0,2,3,0,3,0,0
2010-01-12,481,4,14,17,17,16,10,0,8,11,32,38,46,27,24,0,5,8,16,23,21,15,16,0,4,0,3,5,3,0,0,0,0,7,22,14,16,20,10,3,6,0,1,0,0,0,0,0,0,0,0,0,1,0,1,0,0,0,0,1,1,1,1,0,0,0,0,0,0,0,0,0,0,0,0,0,0,0,1,0,0,0,4,1,1,1,1,0,1,0,4,1,1,1,1,0,1
2010-02-12,475,3,14,16,17,16,10,0,8,10,32,40,45,26,24,0,5,7,15,22,22,14,16,0,4,0,3,5,3,0,0,0,0,7,22,14,16,21,10,2,6,1,0,0,0,0,0,0,0,1,0,0,1,1,0,0,0,1,1,1,1,1,0,0,0,0,0,0,0,0,0,0,0,0,0,0,0,0,0,1,0,0,0,2,1,0,0,0,0,0,0,1,1,0,0,0,0
2010-03-12,476,3,13,17,17,15,9,0,7,10,32,41,45,24,26,0,5,7,17,21,24,14,15,0,4,0,3,5,3,0,0,0,0,7,22,15,16,21,10,2,6,0,1,0,0,1,1,0,1,0,0,0,0,2,0,0,0,0,0,1,0,0,0,0,0,0,0,0,0,0,0,0,0,0,0,0,1,0,0,0,0,0,1,2,1,0,1,0,0,0,1,1,1,0,1,0,0
2010-04-12,473,3,15,19,15,15,9,0,7,10,32,41,43,24,25,0,5,7,19,19,23,15,15,0,4,0,3,5,3,0,0,0,0,7,21,14,16,21,10,2,6,0,0,0,1,0,0,0,0,0,0,0,3,0,1,0,0,0,0,2,1,0,0,0,0,0,0,0,0,0,0,0,0,0,1,1,0,0,0,0,0,0,4,1,0,1,0,0,0,0,4,1,0,1,0,0,0
2010-05-12,471,3,15,20,15,14,8,0,5,10,32,39,43,23,26,0,7,7,18,22,23,11,13,0,2,0,3,5,3,1,1,0,0,7,22,15,18,21,11,2,6,0,0,1,0,1,0,0,0,0,0,2,0,1,0,0,0,0,1,0,0,1,1,0,0,0,0,0,0,0,0,0,0,0,0,0,0,0,0,0,0,0,0,4,0,0,1,0,0,0,0,4,0,0,1,0,0
2010-06-12,468,3,15,22,13,14,8,0,4,9,30,39,41,23,26,0,7,6,19,22,22,10,16,0,2,0,3,4,2,1,1,0,0,7,23,15,21,22,10,2,6,0,1,0,3,0,0,0,1,1,2,0,2,0,0,0,0,1,0,0,1,1,0,0,0,0,0,0,1,0,0,0,0,0,0,0,0,0,0,0,0,0,1,4,1,0,2,0,0,0,1,4,1,0,1,0,0
2010-07-12,467,4,16,22,12,14,7,0,4,9,29,40,40,22,27,0,7,6,19,21,22,12,16,0,2,0,3,4,2,1,1,0,0,6,23,15,21,22,10,2,6,0,0,0,0,1,0,0,0,0,1,0,2,2,0,0,0,0,1,1,0,0,0,0,0,0,0,0,0,0,0,0,0,1,0,0,1,0,0,0,0,1,2,1,0,4,1,0,0,1,2,1,0,4,1,0,0
2010-08-12,463,5,13,21,11,15,6,0,4,10,30,41,40,23,27,0,6,6,18,20,21,10,16,0,2,0,3,4,2,1,1,0,0,8,23,15,21,22,10,1,7,0,2,1,1,0,0,0,0,0,0,0,0,0,1,0,1,1,0,1,1,1,0,0,0,0,0,0,0,0,0,0,0,0,0,0,2,0,0,1,0,2,0,1,0,2,1,0,0,1,0,1,0,2,1,0,0
2010-09-12,474,5,14,21,11,19,8,0,4,10,30,39,41,23,26,0,6,6,16,21,22,13,18,0,2,0,3,4,2,1,1,0,0,8,23,15,21,22,11,1,7,0,0,0,0,1,0,0,0,0,0,2,0,0,1,0,0,0,1,1,0,0,0,0,0,0,0,0,0,0,0,0,0,0,0,0,0,0,0,0,0,0,1,1,2,5,2,0,0,0,1,1,2,3,1,0,0
2010-10-12,478,5,14,20,11,20,7,0,5,10,30,39,42,23,27,0,6,7,17,21,19,12,18,0,2,0,3,4,2,1,1,0,0,8,23,14,22,23,13,1,8,0,0,1,0,0,0,0,0,0,0,0,0,0,0,0,0,0,0,0,1,0,1,0,0,0,0,0,0,0,0,0,0,0,0,1,0,0,0,0,0,1,1,0,2,1,1,0,1,1,1,0,1,1,1,0,1
2010-11-12,471,5,12,19,11,18,7,0,5,10,31,39,42,22,26,0,6,7,18,21,16,13,18,0,2,0,3,4,2,1,1,0,0,8,24,14,21,23,13,1,8,0,1,1,1,0,0,0,0,0,0,0,0,3,1,0,0,0,0,0,2,0,0,0,0,0,0,0,0,0,0,0,0,0,0,0,1,0,0,0,0,0,1,0,1,1,0,0,0,0,1,0,1,1,0,0,0
2010-12-12,467,4,11,19,11,18,7,0,5,10,29,38,42,22,26,0,6,8,17,20,17,12,17,0,3,0,4,4,2,1,2,0,0,8,24,14,21,23,13,1,8,1,1,2,0,0,0,0,0,0,2,1,0,0,0,0,0,0,0,1,2,1,1,0,0,0,0,0,0,0,0,0,0,0,0,0,1,0,0,0,0,1,0,1,3,0,1,0,1,1,0,1,2,0,1,0,1
2011-01-12,473,4,10,23,14,19,7,0,5,9,29,37,42,22,25,0,6,8,17,21,17,14,17,0,3,0,5,4,2,1,2,0,0,8,24,13,21,22,13,1,8,0,0,0,0,0,0,0,0,1,1,1,0,0,1,0,0,0,0,1,0,1,0,0,0,0,0,1,0,0,0,0,0,0,1,1,0,1,0,0,0,0,1,5,2,3,0,0,0,0,1,4,2,3,0,0,0
2011-02-12,468,4,10,24,14,19,7,0,5,9,27,38,43,20,24,0,7,8,16,22,15,13,17,0,3,0,5,4,2,2,2,0,0,8,23,14,21,20,13,1,8,0,1,0,0,0,0,0,1,0,2,0,0,2,1,0,0,0,1,0,1,1,0,0,0,0,0,0,0,0,0,0,0,0,1,0,0,2,0,0,0,0,1,2,1,1,0,0,2,0,1,2,1,1,0,0,1
2011-03-12,460,4,11,24,13,18,6,0,5,8,27,35,42,22,25,0,7,6,17,18,15,13,16,0,3,0,5,4,2,2,2,0,0,8,23,14,22,21,13,1,8,0,0,0,0,1,2,0,0,1,0,3,2,0,0,0,0,2,0,2,0,0,1,0,0,0,0,0,0,0,0,0,0,0,0,0,0,0,0,0,0,0,2,0,0,2,1,0,0,0,2,0,0,2,1,0,0
2011-04-12,455,4,11,19,13,17,7,0,5,8,28,38,40,20,25,0,7,5,17,17,14,12,15,0,5,1,4,4,2,2,2,0,0,8,24,13,24,21,14,1,8,0,0,1,0,1,0,0,0,0,0,1,2,2,0,0,0,0,1,1,0,1,0,0,0,0,1,0,0,0,0,0,0,0,0,1,0,1,0,0,0,0,3,1,0,0,2,0,1,0,2,1,0,0,1,0,1
2011-05-12,459,4,13,19,13,17,7,0,5,8,28,39,40,20,25,0,7,5,20,15,14,12,14,0,5,1,4,4,2,2,2,0,0,8,24,12,24,21,16,1,8,0,0,0,0,2,0,0,0,0,0,0,0,0,0,0,0,0,0,0,0,0,2,0,0,0,0,0,0,0,0,0,0,0,0,1,0,0,0,0,0,0,5,1,0,1,1,0,0,0,5,1,0,1,1,0,0
2011-06-12,469,4,13,21,17,19,10,0,5,8,28,38,39,19,24,0,7,5,19,18,15,13,14,0,5,1,4,4,2,2,2,0,0,8,25,12,23,21,16,1,7,0,0,0,0,0,0,0,0,0,0,1,1,1,1,0,0,0,0,0,1,0,1,0,0,0,0,0,0,0,0,0,0,0,0,0,1,1,0,0,1,0,0,3,3,2,3,0,0,0,0,3,3,1,2,0,0
2011-07-12,467,4,13,22,17,20,10,0,5,8,28,36,38,18,23,0,7,4,19,17,15,12,14,0,5,1,4,4,2,2,2,0,0,8,25,12,27,21,16,1,7,0,0,0,0,0,0,0,0,0,0,2,1,1,1,0,0,0,1,0,1,1,0,0,0,0,0,0,0,0,0,0,0,0,0,0,0,0,0,0,0,0,2,1,1,1,0,0,0,0,1,1,1,1,0,0,0
2011-08-12,463,4,15,23,18,19,9,0,5,8,28,35,39,18,22,0,7,4,20,17,14,11,15,0,5,1,4,4,2,2,2,0,0,8,23,12,25,21,16,1,6,0,0,0,0,1,1,0,0,0,0,1,0,0,1,0,0,0,0,0,1,1,0,0,0,0,0,0,1,0,0,0,0,0,2,0,2,0,0,0,1,0,2,1,2,0,1,0,0,0,2,1,2,0,1,0,0
2011-09-12,468,4,15,23,18,18,9,0,5,8,30,37,40,19,22,0,7,3,19,17,15,10,15,0,5,1,4,4,3,2,1,0,0,8,24,12,25,21,17,1,6,0,0,0,0,0,0,0,0,0,0,0,0,0,0,0,0,1,0,0,0,2,1,0,0,0,0,0,0,0,1,0,0,0,0,0,0,0,0,0,0,0,2,2,3,1,1,0,0,0,2,2,3,1,1,0,0
2011-10-12,464,4,14,25,19,17,9,0,3,8,30,35,39,20,22,0,8,2,16,18,13,10,17,0,4,0,4,4,4,1,1,0,0,8,23,13,24,22,18,1,8,0,0,0,0,0,0,0,0,0,1,2,1,0,0,0,1,1,1,0,0,0,0,0,1,1,0,0,0,1,0,0,0,0,0,0,1,0,0,0,0,0,0,2,2,0,1,0,0,0,0,2,2,0,1,0,0
2011-11-12,459,4,12,27,19,15,7,0,3,8,29,35,39,23,23,0,8,2,16,17,13,9,17,0,4,0,4,4,4,1,1,0,0,8,24,13,22,21,18,1,8,0,1,1,0,0,1,0,0,0,2,0,1,0,0,0,0,0,1,1,0,0,0,0,0,0,0,0,0,0,0,0,0,0,0,0,2,1,0,0,0,0,1,2,1,1,0,0,0,0,1,2,1,1,0,0,0
2011-12-12,457,3,13,26,17,15,7,0,2,9,28,35,40,22,23,0,8,2,15,16,13,10,18,0,4,0,4,4,4,1,1,0,0,8,24,14,23,21,18,1,8,0,0,0,0,1,0,0,1,0,1,1,1,1,1,0,0,0,1,0,1,0,0,0,0,0,0,0,1,0,0,0,0,0,0,1,0,0,0,0,1,0,1,0,2,2,3,0,0,0,1,0,2,2,3,0,0
2012-01-12,456,3,12,26,20,15,7,0,2,9,29,34,39,22,22,0,8,4,10,15,13,11,18,0,3,0,4,4,4,1,1,0,0,7,24,15,23,22,19,1,9,0,0,0,0,0,1,0,0,0,0,1,1,0,1,0,0,0,3,1,0,0,0,0,0,0,0,0,0,0,0,0,0,1,0,0,0,0,0,0,0,1,0,0,4,1,1,0,0,1,0,0,3,1,1,0,0
2012-02-12,465,6,13,30,19,17,8,0,2,9,28,32,39,22,22,0,8,3,10,14,13,11,18,0,7,0,4,4,3,1,1,0,0,8,24,15,23,21,20,1,9,0,0,0,1,0,0,0,0,0,1,2,0,0,0,0,0,1,2,0,0,0,1,0,0,0,0,0,0,0,0,0,0,0,0,0,0,1,0,0,0,2,2,3,0,1,2,0,3,1,2,2,0,1,2,0,2
2012-03-12,469,7,14,30,20,18,7,0,2,9,28,31,38,22,22,0,8,4,10,14,15,12,18,0,9,0,4,3,3,1,1,0,0,7,24,14,23,21,20,1,9,0,0,0,0,0,0,0,0,0,0,2,1,0,1,0,0,0,0,1,0,0,0,0,0,0,0,1,0,0,0,0,0,1,1,1,0,0,0,0,0,1,1,2,3,1,0,0,1,1,1,2,3,1,0,0,1
2012-04-12,462,7,14,30,20,18,7,0,2,9,29,31,37,21,21,0,7,4,9,14,14,11,18,0,9,0,4,3,3,1,1,0,0,8,23,14,23,20,20,1,9,0,0,0,0,0,0,0,0,0,0,1,1,1,1,0,1,0,0,1,1,1,0,0,0,0,0,0,0,0,0,0,0,0,1,0,0,1,0,0,0,0,1,2,0,0,0,0,0,0,1,2,0,0,0,0,0
2012-05-12,466,8,15,28,21,18,8,0,2,8,28,32,37,21,19,0,7,4,9,13,16,13,18,0,9,0,4,3,3,1,1,0,0,8,23,14,24,20,21,1,9,0,1,0,0,0,0,0,0,1,1,1,0,0,2,0,0,0,0,0,0,1,0,0,0,0,0,0,0,0,0,0,0,0,0,0,0,0,0,0,0,1,2,0,2,2,2,0,0,1,2,0,1,2,2,0,0
2012-06-12,463,8,15,27,21,17,8,0,2,8,28,32,38,21,19,0,7,4,11,12,16,12,16,0,9,0,4,4,3,1,1,0,0,8,22,13,24,21,20,2,9,0,0,0,0,1,0,0,0,0,0,1,0,0,0,0,0,0,0,0,0,1,2,0,0,0,0,0,0,0,0,0,0,0,1,1,0,0,1,0,0,0,1,0,1,0,1,0,0,0,1,0,1,0,1,0,0
2012-07-12,463,7,14,29,21,15,8,0,3,9,28,32,38,23,19,0,7,4,10,14,18,11,16,0,8,0,4,4,3,0,1,0,0,8,22,13,24,20,19,2,9,0,0,0,0,1,1,0,0,0,1,0,0,0,0,0,0,0,1,0,1,1,1,0,1,0,0,0,0,1,0,0,0,0,0,0,0,1,2,0,0,0,0,4,2,1,1,0,1,0,0,2,2,1,1,0,1
2012-08-12,459,5,14,28,22,15,9,0,2,11,28,33,38,22,19,0,7,4,9,13,17,11,16,0,8,0,4,4,2,0,0,0,0,8,22,14,24,20,19,2,9,0,0,1,0,0,1,0,1,0,0,0,0,1,0,0,0,0,1,1,1,0,1,0,1,0,0,0,0,0,1,0,0,0,0,0,0,0,0,0,0,0,0,1,1,0,2,0,1,0,0,1,1,0,2,0,1
2012-09-12,453,5,14,27,19,11,10,0,2,11,27,31,39,24,18,0,7,4,10,13,20,10,16,0,8,0,4,4,2,0,0,0,0,8,21,13,24,21,20,2,8,0,0,2,2,3,0,0,0,0,2,2,0,1,1,0,0,0,0,0,0,0,0,0,0,0,0,0,0,0,0,0,0,0,1,1,0,0,0,0,1,0,1,1,2,1,1,0,0,0,1,1,2,1,1,0,0
2012-10-12,451,5,14,28,18,10,10,0,2,10,27,31,39,25,17,0,6,3,11,12,19,10,15,0,8,0,5,4,3,0,0,0,0,8,22,13,25,21,20,2,8,0,0,0,1,0,0,0,0,1,0,0,0,0,1,0,1,0,0,1,0,0,0,0,0,0,0,0,0,0,0,0,0,0,0,0,0,0,0,0,0,0,1,1,0,0,0,0,0,0,1,1,0,0,0,0,0
2012-11-12,447,7,15,28,17,10,10,0,2,10,26,30,40,25,17,0,6,3,11,12,18,10,15,0,8,0,5,4,3,0,0,0,0,8,21,12,25,20,19,2,8,0,1,1,0,0,0,0,0,0,1,1,0,0,0,0,0,0,0,0,1,0,0,0,0,0,0,0,0,0,0,0,0,0,1,1,0,2,0,0,0,2,2,1,0,0,0,0,0,2,2,1,0,0,0,0,0
2012-12-12,444,7,15,26,18,10,10,0,2,10,25,31,39,25,17,0,6,3,11,14,16,10,15,0,7,0,5,4,3,0,0,0,0,8,22,12,24,20,19,2,8,0,0,1,0,0,0,0,0,0,1,0,1,0,0,0,0,0,1,0,1,0,0,0,0,0,0,0,0,0,0,0,0,0,0,0,1,1,0,0,0,0,1,2,1,0,0,0,0,0,1,2,1,0,0,0,0
2013-01-12,447,9,16,22,16,10,10,0,2,10,25,35,40,25,17,0,6,3,11,10,17,9,15,0,7,0,5,4,3,0,0,0,0,8,21,13,25,22,20,3,8,0,0,1,0,0,0,0,0,0,0,0,1,0,0,0,0,0,0,1,0,0,0,0,0,0,0,0,0,0,0,0,0,0,1,0,1,0,0,0,0,1,1,1,1,1,0,0,0,1,1,1,1,1,0,0,0
2013-02-12,447,8,18,20,15,10,13,0,1,10,25,37,41,24,17,0,7,3,11,10,15,10,15,0,7,0,5,4,3,0,0,0,0,8,21,12,24,22,20,3,8,1,0,0,0,0,0,0,0,0,0,0,0,1,0,0,0,0,0,0,2,0,1,0,0,0,0,0,0,0,0,0,0,0,0,1,1,0,0,0,0,0,1,0,0,1,3,0,0,0,1,0,0,1,2,0,0
2013-03-12,458,8,18,23,16,9,15,0,1,10,26,36,41,24,18,0,7,3,13,13,15,11,14,0,8,0,5,3,3,0,0,0,0,8,21,12,24,22,20,3,8,0,0,0,0,1,0,0,0,0,0,1,0,0,0,0,0,0,1,0,1,1,1,0,0,0,0,1,0,0,0,0,0,0,0,0,0,0,0,0,0,0,4,4,2,2,2,0,1,0,2,3,2,2,2,0,1
2013-04-12,451,7,18,24,15,9,15,0,1,10,27,34,38,24,19,0,7,2,10,14,14,12,14,0,7,0,5,3,3,0,0,0,0,9,20,13,25,22,19,3,8,1,0,0,2,0,0,0,0,0,0,2,3,0,0,0,0,1,1,0,1,1,0,0,0,0,0,0,0,0,0,0,0,0,1,0,0,0,1,0,0,0,1,1,1,1,1,0,0,0,1,1,1,1,1,0,0
2013-05-12,457,8,18,22,17,9,15,0,1,10,27,34,38,24,19,0,7,2,11,15,15,13,17,0,7,0,5,3,3,0,0,0,0,9,20,12,25,21,19,3,8,0,0,1,0,1,0,0,0,0,1,1,0,1,0,0,0,0,0,1,0,1,0,0,0,0,0,0,0,0,0,0,0,0,0,1,0,1,0,0,0,1,2,2,2,2,2,0,0,1,2,2,2,2,2,0,0
2013-06-12,466,9,19,23,13,9,13,0,1,10,27,34,42,25,20,0,7,3,11,18,17,13,16,0,7,0,5,3,3,0,0,0,0,8,21,11,26,21,20,3,8,0,0,1,0,0,0,0,0,0,0,1,0,0,1,0,0,0,0,0,1,0,0,0,0,0,0,0,0,0,0,0,0,1,0,1,0,0,0,0,0,1,1,6,2,2,0,0,0,1,1,4,2,2,0,0,0
2013-07-12,464,9,19,22,16,9,12,0,1,10,24,35,41,25,20,0,7,3,11,18,18,13,18,0,7,0,5,3,3,0,0,0,0,6,21,11,25,21,20,3,8,0,0,0,0,0,1,0,0,0,3,0,1,1,0,0,0,0,1,1,1,0,0,0,0,0,0,0,0,0,0,0,0,2,0,0,1,0,0,0,0,0,1,1,4,1,1,0,0,0,1,1,3,1,1,0,0
2013-08-12,464,9,17,21,15,9,12,0,1,9,26,36,43,24,20,0,7,3,11,19,18,13,17,0,7,0,5,2,3,0,1,0,0,6,21,11,25,21,21,3,8,0,0,0,0,0,0,0,0,1,0,0,0,1,0,0,0,0,0,0,0,1,0,0,0,0,0,0,0,0,0,0,0,0,0,1,0,0,0,0,0,0,1,1,1,1,0,0,0,0,1,1,1,1,0,0,0
2013-09-12,470,8,16,20,15,10,13,0,3,9,27,36,43,24,20,0,7,4,11,17,17,16,17,0,8,0,5,2,3,0,1,0,0,6,21,11,25,23,21,3,8,1,0,0,0,0,0,0,0,0,0,1,0,0,0,0,0,0,0,1,0,0,0,0,0,0,0,0,0,0,0,0,0,0,0,0,0,0,0,0,0,1,0,0,0,3,1,0,2,1,0,0,0,3,1,0,1
2013-10-12,464,9,16,19,15,11,13,0,3,9,27,36,43,20,19,0,7,5,11,19,15,17,13,0,8,0,5,2,3,0,1,0,0,6,23,11,25,23,19,3,8,0,0,0,0,0,1,0,0,0,0,1,1,4,1,0,0,0,0,0,1,0,2,0,0,0,0,0,0,0,0,0,0,0,0,1,0,0,2,0,0,1,0,2,1,1,1,0,0,1,0,2,1,1,1,0,0
2013-11-12,466,10,15,18,14,13,12,0,4,9,27,38,42,19,19,0,6,7,11,19,16,18,13,0,8,0,5,2,3,0,1,0,0,6,23,11,25,22,19,3,8,0,1,0,1,0,1,0,0,0,0,0,1,1,0,0,1,0,0,0,0,1,0,0,0,0,0,0,0,0,0,0,0,0,0,0,0,1,1,0,0,2,1,1,1,2,0,0,1,2,1,1,1,2,0,0,1
2013-12-12,459,10,14,20,14,13,13,0,4,9,27,36,42,18,18,0,5,7,10,18,15,17,11,0,8,0,5,2,3,0,1,0,0,6,23,13,25,22,19,3,8,0,0,0,0,0,0,0,0,0,1,2,0,1,1,0,1,0,1,2,1,0,0,0,0,0,0,0,0,0,0,0,0,0,0,0,1,1,0,0,0,0,0,3,0,0,1,0,0,0,0,3,0,0,1,0,0
2014-01-12,460,10,15,20,13,13,13,0,4,8,27,36,44,18,18,0,5,6,7,18,18,17,11,0,8,0,5,2,3,0,1,0,0,6,24,13,25,21,20,3,8,0,0,0,0,0,0,0,0,1,0,0,0,0,0,0,0,0,3,0,0,0,0,0,0,0,0,0,0,0,0,0,0,0,0,0,0,1,0,0,0,0,1,0,3,0,0,0,0,0,1,0,2,0,0,0,0
2014-02-12,452,8,15,19,13,10,13,0,4,10,26,37,42,20,18,0,5,8,6,17,15,17,11,0,5,0,4,2,3,0,1,0,0,7,24,14,26,21,20,3,8,0,0,0,0,1,2,0,0,0,1,0,2,0,1,0,0,0,1,1,3,0,0,0,0,0,0,0,0,0,0,0,0,0,1,0,0,0,0,0,0,1,0,0,0,0,2,0,0,1,0,0,0,0,2,0,0
2014-03-12,456,7,16,19,12,10,13,0,4,9,27,37,42,20,18,0,5,7,8,19,15,17,11,0,3,0,4,2,3,0,1,0,0,7,24,16,26,22,20,3,9,0,1,2,0,0,0,0,0,2,0,1,1,0,0,0,0,0,0,1,0,0,0,0,0,0,0,0,0,0,0,0,0,0,0,0,1,0,0,0,0,0,5,6,1,0,0,0,0,0,4,5,1,0,0,0,0
2014-04-12,464,7,15,20,13,11,13,0,5,9,28,38,41,20,18,0,5,7,8,18,16,19,15,0,3,0,4,2,3,0,1,0,0,7,24,16,25,21,20,3,9,0,0,0,0,0,0,0,0,0,0,0,1,0,0,0,0,0,0,2,0,1,0,0,0,0,0,0,0,0,0,0,0,0,0,0,1,1,0,0,0,0,0,2,1,2,2,0,1,0,0,2,1,2,2,0,1
2014-05-12,460,6,14,20,13,10,13,0,5,9,30,37,40,20,19,0,5,7,8,19,15,18,15,0,2,0,4,2,3,0,2,0,0,7,23,17,25,21,20,3,8,1,0,0,1,1,0,0,0,0,0,1,1,0,0,0,0,0,0,1,0,0,0,0,1,0,0,0,0,0,0,0,0,0,1,0,0,0,1,0,1,0,1,2,1,0,1,0,0,0,1,2,1,0,1,0,0
2014-06-12,464,6,15,22,12,11,12,0,5,9,30,37,41,18,19,0,5,9,9,19,15,19,15,0,2,0,4,2,3,0,2,0,0,7,23,17,25,20,20,3,8,0,0,1,0,0,1,0,0,0,0,0,0,2,0,0,0,0,0,0,1,1,0,0,0,0,0,0,0,0,0,0,0,0,0,1,0,1,0,0,0,1,2,3,1,2,1,0,0,1,2,3,1,2,1,0,0
2014-07-12,460,6,15,21,13,11,11,0,4,9,28,39,41,16,20,0,5,9,10,16,15,19,14,0,2,0,4,1,4,0,2,0,0,8,24,17,26,20,20,2,8,0,1,0,0,1,0,0,0,0,2,0,0,2,0,0,1,0,0,2,0,0,0,0,0,0,0,1,0,0,0,0,0,0,1,0,0,0,0,0,0,0,1,1,2,2,0,0,0,0,1,1,2,2,0,0,0
2014-08-12,461,7,15,22,12,10,11,0,4,9,28,38,42,16,21,0,4,9,11,15,17,19,14,0,1,0,4,1,3,0,2,0,0,7,25,17,26,21,20,2,8,0,0,0,0,1,0,0,0,0,0,2,0,0,0,0,1,0,0,1,0,0,0,0,0,0,0,0,0,0,0,0,0,1,0,0,0,0,1,0,0,1,1,2,2,0,2,0,0,1,1,2,1,0,2,0,0
2014-09-12,458,7,14,24,13,10,10,0,4,8,29,37,42,16,20,0,4,9,8,15,16,18,15,0,1,0,4,1,3,0,2,0,0,7,25,18,26,22,20,2,8,0,0,0,0,0,0,0,0,1,0,1,0,0,2,0,0,0,2,1,0,1,0,0,0,0,0,0,0,0,0,0,0,0,0,1,0,0,0,0,0,0,0,3,1,0,1,0,0,0,0,2,1,0,1,0,0
2014-10-12,459,9,14,23,13,12,10,0,4,8,28,37,42,16,19,0,4,9,8,15,17,19,15,0,1,0,4,1,3,0,2,0,0,7,24,19,26,22,18,2,8,0,0,0,1,0,0,0,0,0,1,1,0,0,1,0,0,0,0,0,0,0,1,0,0,0,0,0,0,0,0,0,0,0,1,0,0,0,2,0,0,1,1,0,1,2,1,0,0,1,1,0,1,2,1,0,0
2014-11-12,448,7,13,22,13,14,10,0,4,9,27,37,41,14,19,0,4,6,8,16,17,19,15,0,1,0,4,1,2,0,2,0,0,6,24,19,24,22,18,2,8,1,1,0,0,0,0,0,0,0,2,1,1,2,0,0,0,3,0,1,0,1,0,0,0,0,0,0,1,0,0,0,0,1,0,0,2,0,0,0,0,0,1,1,0,2,0,0,0,0,1,1,0,2,0,0,0
2014-12-12,447,6,13,22,12,14,10,0,5,9,27,36,42,14,19,0,4,4,8,15,18,22,15,0,1,0,4,1,2,0,1,0,0,6,24,19,24,22,18,2,8,1,0,0,0,0,0,0,0,0,0,1,0,0,0,0,0,2,0,0,0,0,0,0,0,0,0,0,0,0,1,0,0,0,0,0,0,1,0,0,0,0,0,0,1,2,0,0,1,0,0,0,1,2,0,0,1
2015-01-12,457,5,14,23,12,15,10,0,5,10,27,37,42,14,19,0,4,6,7,18,20,23,13,0,1,0,5,1,2,0,1,0,0,6,25,19,23,22,18,2,8,0,0,1,0,0,0,0,0,0,0,0,0,0,0,0,0,0,0,0,0,0,2,0,0,0,0,0,0,0,0,0,0,0,0,0,1,0,0,0,0,1,1,4,2,2,0,0,0,1,1,3,2,2,0,0,0
2015-02-12,459,7,12,25,13,15,11,0,5,10,29,36,42,13,19,0,4,6,8,16,21,22,11,0,1,0,5,1,2,0,1,0,0,6,25,19,24,22,18,2,8,0,0,0,0,0,0,0,0,0,0,1,0,1,0,0,0,0,0,2,0,1,1,0,0,0,0,0,0,0,0,0,0,0,0,0,0,0,0,0,0,1,1,2,1,0,1,0,0,1,1,2,1,0,1,0,0
2015-03-12,460,7,11,23,11,14,11,0,6,10,30,38,43,13,20,0,4,7,9,15,21,22,11,0,2,0,4,1,2,0,1,0,0,6,24,20,25,22,17,2,8,0,0,0,1,1,0,0,0,0,0,0,0,0,0,0,0,0,1,1,1,0,0,0,0,0,0,0,0,0,0,0,0,0,1,0,0,0,2,0,0,1,2,1,1,0,1,0,1,1,2,1,1,0,1,0,1
2015-04-12,465,7,10,25,12,14,10,0,6,10,30,39,43,13,21,0,4,6,10,16,19,22,12,0,2,0,4,1,2,0,1,0,0,7,25,20,25,22,17,2,8,0,0,0,0,0,0,0,0,0,1,0,1,0,0,0,0,1,0,0,3,0,0,0,0,0,0,0,0,1,0,0,0,0,0,0,0,0,0,0,0,0,1,5,3,1,1,0,0,0,1,4,3,1,1,0,0
2015-05-12,461,9,10,24,13,13,11,0,6,10,30,37,43,14,20,0,4,6,9,14,22,19,8,0,2,0,4,1,2,0,1,0,0,8,25,23,25,22,16,2,8,0,0,1,0,0,0,0,0,0,1,2,1,0,1,0,0,0,1,1,0,1,1,0,0,0,0,0,0,0,0,0,0,0,0,0,1,1,1,0,0,1,1,0,4,0,1,0,0,1,1,0,4,0,1,0,0
2015-06-12,469,8,9,22,15,14,12,0,6,10,31,39,41,15,20,0,4,5,11,15,21,20,9,0,2,0,3,1,2,0,1,0,0,7,27,24,26,22,17,2,8,0,0,0,0,0,0,0,0,1,0,0,2,0,0,0,0,0,0,0,0,0,0,0,0,0,0,0,0,1,0,0,0,1,0,0,0,0,0,0,0,0,2,2,2,3,2,0,0,0,2,1,2,2,2,0,0
2015-07-12,468,7,8,22,13,13,12,0,6,10,31,39,42,16,19,0,4,6,11,15,21,21,11,0,3,0,2,1,2,0,1,0,0,7,28,22,26,22,17,2,8,1,1,0,0,0,0,0,1,0,0,0,1,0,1,0,0,0,0,1,0,0,0,0,0,0,0,0,0,0,0,0,0,0,0,2,0,0,0,0,0,1,0,1,0,1,1,0,1,1,0,1,0,1,1,0,1
2015-08-12,471,7,8,22,13,16,14,0,6,10,31,38,42,15,19,0,4,6,10,14,21,20,12,0,3,0,2,1,2,0,1,0,0,8,29,22,26,22,17,2,8,0,0,0,0,0,0,0,0,0,0,1,1,1,0,0,0,0,1,0,1,0,0,0,0,0,0,0,0,0,0,0,0,0,0,0,0,0,0,0,0,0,0,0,2,2,2,0,0,0,0,0,2,1,2,0,0
2015-09-12,467,7,10,22,13,13,13,0,5,10,31,37,42,16,19,0,5,6,10,16,21,19,12,0,2,0,2,1,2,1,1,0,0,8,27,21,27,22,16,2,8,0,0,0,0,2,0,0,0,0,0,1,0,0,1,0,0,0,0,0,0,0,0,0,0,0,0,0,0,0,0,0,0,0,2,1,0,1,1,0,0,0,2,1,0,1,0,0,0,0,2,1,0,1,0,0,0
2015-10-12,466,6,10,23,13,12,11,0,5,11,31,36,41,17,20,0,5,6,9,18,21,19,13,0,2,0,1,1,2,1,1,0,0,8,27,21,27,22,16,2,8,0,0,0,0,0,1,0,0,0,0,1,1,0,0,0,0,0,1,0,0,0,0,0,0,0,1,0,0,0,0,0,0,0,0,0,0,0,0,0,0,0,0,2,0,0,1,0,0,0,0,2,0,0,1,0,0
2015-11-12,466,8,10,21,13,11,11,0,5,11,31,36,39,18,20,0,5,7,10,17,24,14,13,0,3,0,1,1,2,1,1,0,0,8,27,24,27,22,15,1,9,0,1,1,1,0,0,0,0,0,0,1,2,0,0,0,1,1,0,1,0,3,0,0,0,0,0,0,0,1,0,0,0,0,0,0,0,0,0,0,0,3,1,0,3,0,0,0,1,2,1,0,1,0,0,0,1
2015-12-12,462,6,12,21,12,10,10,0,5,10,30,37,38,18,21,0,5,8,10,17,25,14,12,0,3,0,1,1,2,1,1,0,0,8,27,26,25,22,14,1,9,2,0,0,1,1,0,0,0,1,1,1,1,0,0,0,0,0,1,1,1,0,0,0,0,0,0,0,0,0,0,0,0,0,0,0,1,0,1,0,0,1,2,2,2,0,0,0,0,1,2,2,2,0,0,0,0
2016-01-12,464,6,15,22,12,11,9,0,5,9,31,37,39,17,21,0,5,7,10,18,23,15,11,0,3,0,1,1,2,1,1,0,0,8,28,27,24,21,14,1,9,0,0,0,0,0,1,0,0,1,0,0,0,1,0,0,0,1,1,0,0,1,1,0,0,0,0,0,0,0,0,0,0,0,0,1,1,1,0,0,0,0,4,1,2,2,0,0,0,0,3,1,2,2,0,0,0
2016-02-12,466,6,15,25,13,12,6,0,5,9,29,36,39,17,23,0,5,6,9,20,26,14,12,0,3,0,1,1,2,1,1,0,0,8,28,27,22,21,14,1,9,0,0,0,0,0,0,0,0,0,2,1,0,0,1,0,0,1,1,0,1,2,0,0,0,0,0,0,0,0,0,0,0,0,0,0,2,0,0,0,0,0,0,4,4,2,1,0,0,0,0,3,4,2,1,0,0
2016-03-12,465,6,16,24,13,14,6,0,5,8,30,35,38,15,23,0,5,6,10,18,25,14,13,0,3,0,1,3,3,1,1,0,0,8,28,26,22,21,15,1,8,0,0,0,0,0,0,0,0,1,0,3,1,2,0,0,0,1,0,1,0,0,0,0,0,0,0,0,0,0,0,0,0,0,0,1,0,0,0,0,1,1,2,3,0,1,1,0,0,1,2,3,0,1,1,0,0
2016-04-12,468,7,17,23,15,15,6,0,4,8,30,37,36,16,22,0,6,7,10,19,26,14,12,0,3,0,1,3,3,1,1,0,0,7,28,26,20,21,15,1,8,0,0,1,0,0,0,0,0,0,0,0,2,0,1,0,0,0,0,1,0,0,0,0,0,0,0,0,0,0,0,0,0,1,1,1,2,0,0,0,0,1,1,3,3,1,0,0,0,1,1,3,3,1,0,0,0
2016-05-12,461,7,19,23,14,16,5,0,4,7,30,36,37,14,23,0,6,7,9,17,22,15,12,0,3,0,1,3,3,1,1,0,0,7,28,26,20,21,14,1,9,0,0,0,0,0,0,0,0,1,1,1,0,2,0,0,0,0,2,1,4,0,0,0,0,0,0,0,0,0,0,0,0,0,0,0,0,1,1,0,0,0,3,0,0,1,1,0,0,0,3,0,0,1,1,0,0
2016-06-12,461,8,18,24,14,15,6,0,4,7,31,37,37,14,23,0,6,6,8,15,21,13,13,0,3,0,1,2,3,1,1,0,0,8,31,27,19,20,15,1,9,0,0,0,1,0,0,0,0,0,0,1,0,1,0,0,0,0,0,2,1,0,0,0,0,0,0,0,1,0,0,0,0,0,0,0,1,1,0,0,0,1,0,3,2,0,3,0,0,1,0,3,2,0,3,0,0
2016-07-12,458,8,17,26,13,14,6,0,4,7,32,37,38,14,23,0,6,6,8,16,20,10,13,0,2,0,1,2,3,1,1,0,0,8,31,27,19,20,15,1,9,0,0,0,0,1,1,0,0,0,0,0,0,0,0,0,0,0,0,1,1,2,0,0,1,0,0,0,0,0,0,0,0,0,0,0,0,0,1,0,0,0,0,3,0,0,1,0,0,0,0,2,0,0,1,0,0
2016-08-12,454,7,20,24,13,13,6,0,4,8,31,38,36,14,23,0,6,6,7,17,19,10,12,0,2,0,1,2,3,1,1,0,0,8,31,26,19,20,15,1,10,0,0,0,0,1,0,0,0,0,1,1,2,0,0,0,0,0,0,0,2,0,1,0,0,0,0,0,0,0,0,0,0,0,0,1,0,0,0,0,0,0,3,1,1,0,0,0,0,0,2,1,1,0,0,0,0
2016-09-12,451,7,21,24,12,12,7,0,4,8,30,38,37,14,23,0,5,6,7,16,20,10,14,0,2,0,1,2,3,1,2,0,0,7,31,26,17,19,14,1,10,0,0,1,1,1,0,0,0,0,1,1,0,0,0,0,1,0,0,1,0,1,0,0,0,0,0,0,0,0,0,0,0,1,0,0,2,2,1,0,0,0,1,2,2,1,2,0,0,0,1,2,2,1,2,0,0
2016-10-12,453,6,22,24,14,13,6,0,4,6,30,38,37,14,23,0,5,5,8,16,21,9,13,0,2,0,1,2,3,1,1,0,0,8,31,27,18,19,14,1,11,0,0,1,0,0,1,0,0,3,0,0,1,0,0,0,0,1,1,2,0,0,0,0,0,0,0,0,0,0,0,0,0,0,0,0,0,0,0,0,0,0,2,2,3,1,0,0,0,0,2,1,3,1,0,0,0
2016-11-12,454,6,21,23,14,12,6,0,4,6,31,38,37,15,23,0,5,4,7,18,21,10,14,0,2,0,1,2,3,1,1,0,0,8,31,27,19,19,13,1,11,0,0,2,0,0,0,0,0,0,0,0,0,1,0,0,0,1,1,0,0,0,0,0,0,0,0,0,0,0,0,0,0,0,0,0,0,0,0,0,0,0,0,3,0,1,1,0,0,0,0,3,0,1,1,0,0
2016-12-12,456,6,21,23,15,13,6,0,3,4,31,38,37,15,22,0,6,6,10,18,20,8,14,0,2,0,1,2,3,2,1,0,0,8,30,28,18,19,13,1,12,0,0,0,0,0,0,0,0,2,0,0,0,0,1,0,0,0,0,0,1,0,0,0,0,0,0,0,0,0,0,0,0,0,1,1,1,0,0,0,0,1,2,0,1,1,0,0,0,1,2,0,1,1,0,0,0
2017-01-12,457,6,23,20,16,12,6,0,3,4,31,41,35,14,22,0,6,5,10,15,20,8,14,0,4,0,1,2,3,2,1,0,0,8,31,28,18,19,15,2,12,0,0,0,0,1,0,0,0,0,0,0,2,1,0,0,0,0,0,2,0,0,0,0,0,0,0,0,0,0,0,0,0,0,0,0,0,0,0,0,0,0,2,0,2,0,0,0,1,0,2,0,2,0,0,0,1
2017-02-12,454,5,23,19,17,14,6,0,3,5,29,41,33,14,22,0,6,7,10,15,20,9,14,0,4,0,1,2,3,2,1,0,0,7,30,28,18,19,14,2,11,0,1,1,0,0,0,0,0,0,2,1,2,0,0,0,0,0,0,1,0,0,0,0,0,0,0,0,0,0,0,0,0,1,1,0,1,0,0,0,1,1,1,2,1,3,0,0,0,1,1,2,1,3,0,0,0
2017-03-12,449,5,23,19,18,14,5,0,2,4,28,39,33,12,23,0,7,7,10,14,21,9,15,0,3,0,1,3,3,2,1,0,0,7,30,29,16,19,14,2,11,0,0,0,0,0,0,0,0,1,1,2,0,2,0,0,0,0,0,0,0,0,0,0,0,0,0,0,0,0,0,0,0,0,0,1,2,0,0,0,0,0,1,0,2,0,1,0,0,0,1,0,2,0,1,0,0
2017-04-12,444,4,23,17,16,15,5,0,2,4,28,39,34,12,22,0,7,7,10,15,20,8,14,0,3,0,1,3,4,2,1,0,0,6,30,31,15,19,15,2,10,1,0,1,1,0,0,0,0,0,0,2,0,0,1,0,0,0,0,1,0,1,0,0,0,0,0,0,0,0,0,0,0,1,0,0,1,0,0,0,0,0,0,3,0,1,0,0,0,0,0,2,0,1,0,0,0
2017-05-12,448,4,23,19,14,16,5,0,2,4,29,39,36,12,22,0,7,7,11,14,19,9,13,0,3,0,1,2,3,2,1,0,0,6,31,32,15,19,16,2,10,0,0,0,0,0,0,0,0,0,0,0,0,0,0,0,0,0,0,1,1,0,1,0,0,0,0,0,0,0,0,0,0,0,1,0,0,0,0,0,0,0,1,2,2,1,0,0,0,0,1,1,2,1,0,0,0
2017-06-12,450,3,23,20,14,15,4,0,3,4,29,38,36,13,22,0,7,7,13,14,18,9,11,0,4,0,1,2,3,2,1,0,0,6,31,33,17,19,16,2,10,1,0,0,1,0,0,0,0,0,0,1,0,0,1,0,0,0,0,1,0,0,1,0,0,0,0,0,0,0,0,0,0,0,0,0,0,0,0,0,0,0,2,2,1,1,0,0,2,0,2,2,1,1,0,0,2
2017-07-12,457,3,24,20,15,15,7,0,3,4,29,38,36,13,22,0,8,6,11,15,18,9,13,0,5,0,1,2,3,2,1,0,0,6,31,33,17,19,16,2,10,0,0,1,0,0,0,0,0,0,0,0,0,0,0,0,0,1,3,0,0,0,0,0,0,0,0,0,0,0,0,0,0,0,0,0,1,0,0,0,0,0,1,1,1,0,4,0,1,0,1,1,1,0,3,0,1
2017-08-12,457,3,24,22,16,13,6,0,3,4,29,38,36,16,22,0,8,5,11,15,17,10,11,0,4,0,1,2,3,2,1,0,0,6,30,34,17,20,16,2,10,0,0,0,0,0,0,0,0,0,0,0,0,0,1,0,0,1,0,1,0,0,1,0,1,0,0,0,0,0,0,0,0,0,1,0,0,0,0,0,0,0,0,3,1,1,0,0,0,0,0,3,1,1,0,0,0
2017-09-12,461,3,22,22,16,14,6,0,4,4,31,38,36,16,22,0,8,5,12,15,19,9,15,0,4,0,1,2,2,2,1,0,0,6,29,34,17,19,15,2,10,0,1,0,1,0,0,0,0,0,0,0,0,0,0,0,0,0,1,0,0,1,0,0,0,0,0,0,1,0,0,0,0,0,1,1,0,1,1,0,0,0,3,0,3,1,3,0,1,0,3,0,2,1,2,0,1
2017-10-12,466,3,25,24,15,14,7,0,4,4,29,39,36,16,21,0,6,7,14,15,19,9,15,0,4,0,1,2,2,1,1,0,0,6,29,34,18,19,15,2,10,0,0,1,1,0,0,0,0,0,2,0,0,0,1,0,2,0,0,0,0,0,0,0,0,0,0,0,0,1,0,0,0,0,0,0,0,0,0,0,0,1,3,3,0,0,2,0,0,1,3,3,0,0,2,0,0
2017-11-12,466,1,23,26,15,14,7,0,4,5,30,39,37,16,21,0,6,5,15,15,17,9,16,0,4,0,1,2,2,1,1,0,0,6,30,34,19,19,14,2,10,0,1,0,0,0,0,0,0,1,0,0,0,0,0,0,1,1,0,1,1,0,0,0,0,0,0,0,0,0,0,0,0,0,1,0,0,0,1,0,0,0,1,3,1,0,1,0,1,0,1,2,1,0,1,0,1
2017-12-12,475,3,23,25,15,14,11,0,4,5,32,39,37,16,21,0,6,4,15,16,17,8,18,0,4,0,1,2,2,1,1,0,0,5,30,35,19,20,14,2,10,0,0,0,0,0,0,0,0,0,0,1,0,0,0,0,0,0,0,1,0,1,0,0,0,0,0,0,0,0,0,0,0,1,0,0,0,0,0,0,0,1,2,3,0,0,4,0,0,1,2,2,0,0,3,0,0
2018-01-12,468,3,19,24,14,13,11,0,4,5,35,38,38,16,20,0,6,4,14,14,18,8,18,0,4,0,1,1,2,1,1,0,0,6,29,35,19,20,15,2,10,0,1,0,1,0,0,0,0,0,0,2,0,1,1,0,0,0,0,2,0,0,0,0,0,0,0,0,0,0,0,0,0,0,0,1,0,1,0,0,0,0,0,0,2,0,0,0,0,0,0,0,2,0,0,0,0
2018-02-12,469,3,18,22,16,13,12,0,4,5,34,40,39,16,20,0,6,4,14,14,14,7,17,0,4,0,1,1,2,1,1,0,0,6,30,37,20,21,15,2,10,0,1,1,0,1,0,0,0,0,1,0,0,1,0,0,0,0,0,0,0,0,0,0,0,0,0,0,1,1,0,0,0,0,0,0,0,0,0,0,0,0,0,2,3,1,1,0,0,0,0,2,3,1,1,0,0
2018-03-12,471,3,17,22,17,13,12,0,4,4,36,39,39,17,20,0,6,3,13,15,13,8,16,0,6,0,1,1,2,1,1,0,0,6,30,37,19,21,15,2,12,0,0,1,0,0,0,0,1,1,0,2,0,0,0,0,0,0,0,0,1,1,0,0,0,0,0,0,0,0,0,0,0,0,0,1,1,0,0,0,0,0,1,2,1,2,0,0,2,0,1,1,1,2,0,0,2
2018-04-12,471,3,19,20,17,12,11,0,4,4,35,40,40,18,20,0,6,3,13,15,13,10,16,0,6,0,1,1,2,1,1,0,0,6,30,34,18,24,14,2,12,0,0,0,0,0,1,0,0,0,1,1,0,0,0,0,0,0,0,0,0,0,0,0,0,0,0,0,0,0,0,0,0,0,0,2,1,0,1,0,0,0,2,1,2,2,0,0,0,0,2,1,2,1,0,0,0
2018-05-12,469,3,18,19,18,13,11,0,4,4,36,39,40,19,19,0,6,1,12,15,14,10,15,0,6,0,1,1,2,1,1,0,0,6,30,35,19,23,14,2,12,0,0,2,0,0,0,0,0,0,1,1,0,0,1,0,0,2,1,0,1,0,0,0,0,0,0,0,0,0,0,0,0,0,0,0,0,1,0,0,0,0,1,1,2,2,0,0,0,0,1,1,2,2,0,0,0
2018-06-12,462,1,21,17,17,14,10,0,3,5,36,38,41,19,20,0,5,1,12,14,15,10,15,0,6,0,1,1,1,1,1,0,0,6,30,34,17,22,14,2,12,1,0,3,0,0,0,0,1,0,0,1,0,0,0,0,1,0,1,1,0,0,0,0,0,0,0,0,1,0,0,0,0,0,0,1,2,1,0,0,0,0,2,1,1,1,0,0,0,0,2,1,1,1,0,0,0
2018-07-12,465,1,21,17,21,18,9,0,3,5,35,38,40,19,20,0,5,0,12,12,16,11,17,0,6,0,1,1,1,1,1,0,0,6,30,34,16,21,14,2,11,0,1,1,0,0,0,0,0,0,1,1,1,0,1,0,0,1,0,3,0,1,0,0,0,0,0,0,0,0,0,0,0,0,0,0,1,1,0,0,1,0,1,2,3,4,1,0,0,0,1,2,2,3,1,0,0
2018-08-12,467,1,22,19,19,17,10,0,3,5,35,38,39,18,20,0,5,0,14,13,20,10,17,0,6,0,1,1,1,1,1,0,0,6,30,33,16,21,13,2,10,0,0,0,2,1,0,0,0,0,1,0,1,1,0,0,0,0,1,0,0,1,1,0,0,0,0,0,0,0,0,0,0,0,0,1,0,0,1,0,1,0,3,2,2,0,1,0,0,0,3,1,1,0,1,0,0
2018-09-12,465,1,22,17,18,17,8,0,3,5,36,36,38,17,21,0,5,0,15,13,19,12,16,0,7,0,1,1,2,1,1,0,0,6,31,32,17,21,14,2,10,0,0,2,1,0,1,0,0,0,0,3,1,1,0,0,0,0,0,0,0,0,0,0,0,0,0,0,0,0,0,0,0,0,0,0,0,0,0,0,0,0,2,1,0,1,1,0,1,0,2,1,0,1,1,0,1
2018-10-12,464,1,22,16,16,19,8,0,3,5,35,36,39,18,19,0,5,0,15,12,19,12,16,0,7,0,2,1,2,1,1,0,0,5,31,32,18,22,14,2,10,0,0,0,2,1,0,0,0,0,1,1,0,0,2,0,0,0,0,0,0,0,0,0,0,0,0,0,0,0,0,0,0,1,0,0,0,1,0,0,0,0,1,0,2,2,0,0,0,0,1,0,2,2,0,0,0
2018-11-12,458,1,21,16,17,18,9,0,3,4,34,36,39,18,19,0,5,0,17,11,19,13,15,0,6,0,2,1,1,1,1,0,0,5,32,32,17,20,13,2,10,0,1,0,0,1,0,0,0,1,1,0,0,0,0,0,0,0,1,0,0,0,1,0,1,0,0,0,1,0,0,0,0,0,0,1,1,2,1,0,0,0,2,0,1,2,1,0,0,0,2,0,1,1,1,0,0
2018-12-12,465,1,21,20,16,16,11,0,2,4,34,36,39,18,19,0,5,0,15,16,19,13,17,0,6,0,3,1,1,1,1,0,0,5,32,33,16,20,13,2,9,0,0,0,2,1,0,0,1,0,0,0,0,1,0,0,0,0,0,0,0,0,0,0,0,0,0,0,0,0,0,0,0,0,0,1,1,0,0,0,1,0,0,5,2,0,2,0,0,0,0,3,1,0,2,0,0
2019-01-12,458,1,19,20,15,16,10,0,2,3,34,36,40,17,19,0,5,1,15,16,17,11,17,0,6,0,3,1,2,1,1,0,0,5,32,33,15,20,13,2,10,0,1,0,0,0,1,0,0,1,2,0,0,1,0,0,0,0,0,0,0,2,0,0,0,0,0,0,0,0,0,0,0,0,0,0,1,0,0,0,0,1,1,0,0,0,0,0,0,1,1,0,0,0,0,0,0
2019-02-12,467,2,17,22,16,15,11,0,2,3,33,36,40,18,19,0,5,4,15,17,18,11,18,0,6,0,3,1,2,1,1,0,0,5,32,34,15,21,12,2,10,0,1,0,0,1,0,0,0,0,2,0,0,1,0,0,0,0,0,0,0,1,1,0,0,0,0,0,0,0,0,0,0,0,0,0,0,0,1,0,0,2,0,3,2,2,3,0,0,1,0,2,2,2,3,0,0
2019-03-12,457,2,17,22,14,14,11,0,2,3,30,33,41,18,19,0,4,4,15,17,18,11,17,0,6,0,3,1,2,1,1,0,0,5,32,34,17,21,11,2,9,0,2,0,1,1,0,0,0,0,3,3,0,0,0,0,1,0,0,0,0,0,0,0,0,0,0,0,0,0,0,0,0,0,0,0,0,1,1,0,1,0,2,0,1,0,0,0,0,0,2,0,1,0,0,0,0
2019-04-12,456,2,18,21,13,15,11,0,2,3,30,33,40,17,18,0,4,4,16,16,21,13,16,0,6,0,2,1,2,1,1,0,0,5,31,32,17,21,11,2,11,0,0,1,1,0,0,0,0,0,0,1,1,1,1,0,0,0,0,0,0,0,1,0,0,0,0,0,0,0,0,0,0,0,1,2,0,0,0,0,0,0,2,1,2,2,0,0,0,0,2,1,2,2,0,0,0
2019-05-12,458,2,17,26,13,14,11,0,2,3,30,32,39,18,18,0,3,4,16,16,21,15,15,0,7,0,2,1,2,1,1,0,0,5,30,32,17,21,12,1,11,0,1,0,0,3,0,0,0,0,1,1,1,0,0,0,1,0,0,0,1,1,1,0,0,0,0,0,0,0,0,0,0,0,0,0,0,1,0,1,0,0,1,4,1,4,0,0,1,0,1,3,1,4,0,0,1
2019-06-12,453,2,17,27,13,14,12,0,2,3,29,29,38,17,18,0,3,4,15,16,20,14,17,0,5,0,3,1,2,1,1,0,0,5,30,32,18,21,13,1,10,0,0,0,0,0,1,0,0,0,1,4,1,1,0,0,0,0,0,0,1,0,0,0,1,0,0,0,0,0,0,0,0,0,2,0,0,0,0,0,0,0,0,3,0,0,3,0,0,0,0,3,0,0,3,0,0
2019-07-12,444,1,16,27,13,12,11,0,1,3,30,29,36,17,17,0,4,4,13,18,20,14,14,0,4,0,3,1,2,1,1,0,0,5,30,33,20,20,13,1,10,1,0,1,0,2,0,0,0,0,0,0,2,0,2,0,0,0,1,0,0,0,0,0,0,0,0,0,0,0,0,0,0,0,1,1,0,1,1,0,0,0,0,3,0,0,0,0,0,0,0,3,0,0,0,0,0
2019-08-12,440,1,15,25,12,12,11,0,1,3,30,30,34,16,17,0,4,4,13,17,21,14,16,0,4,0,3,1,2,1,1,0,0,5,30,33,20,20,13,1,10,0,1,1,1,0,0,0,0,0,0,0,2,1,0,0,0,0,0,2,0,1,0,0,0,0,0,0,0,0,0,0,0,0,0,0,0,0,0,0,0,0,0,1,1,1,1,0,0,0,0,1,1,1,1,0,0
2019-09-12,432,0,15,25,12,11,11,0,1,3,30,29,34,17,17,0,4,4,13,15,18,14,13,0,4,0,3,1,2,1,1,0,0,5,29,33,22,20,13,1,11,1,0,0,0,0,0,0,0,0,1,1,0,0,0,0,0,0,0,2,2,0,0,0,0,0,0,0,0,0,0,0,0,0,1,0,1,1,0,0,0,0,1,0,0,0,0,0,0,0,1,0,0,0,0,0,0
2019-10-12,441,0,16,24,12,13,13,0,1,2,32,31,33,17,16,0,4,3,11,15,18,15,16,0,5,0,3,1,2,1,1,0,0,4,29,34,23,21,13,1,11,0,0,0,0,0,0,0,0,1,0,0,1,0,1,0,0,1,0,0,0,0,0,0,0,0,0,0,0,0,0,0,0,1,0,0,0,0,0,0,0,0,3,1,0,2,3,0,1,0,3,1,0,2,2,0,1
2019-11-12,437,0,16,21,13,15,12,0,1,2,32,32,32,16,16,0,5,3,9,16,17,15,15,0,4,0,3,1,2,1,1,0,0,4,29,35,23,21,13,1,11,0,0,2,0,0,1,0,0,0,0,0,1,1,0,0,0,0,2,0,1,0,0,0,0,0,0,0,0,0,0,0,0,0,1,0,0,0,0,0,0,0,0,1,1,2,0,0,1,0,0,1,1,2,0,0,1
2019-12-12,442,0,16,22,14,15,11,0,1,2,33,32,32,16,18,0,4,3,10,17,18,13,14,0,4,0,3,1,2,1,1,0,0,4,31,35,23,21,13,1,11,0,0,0,0,0,0,0,0,0,0,0,0,0,0,0,1,0,0,0,0,3,0,0,0,0,0,0,0,0,0,0,0,0,0,0,1,0,0,0,0,0,2,2,1,1,1,0,0,0,2,2,1,1,1,0,0
2020-01-12,441,0,15,23,15,15,13,0,1,2,33,31,32,16,18,0,4,3,10,18,17,13,15,0,4,0,3,0,2,1,1,0,0,4,31,34,22,19,14,1,11,0,1,1,0,0,0,0,0,0,0,1,0,0,0,0,0,0,0,1,1,0,0,0,0,0,0,1,0,0,0,0,0,0,0,0,1,2,0,0,0,0,0,3,1,0,2,0,0,0,0,2,1,0,2,0,0
2020-02-12,448,0,16,23,14,18,12,0,1,2,33,31,33,15,19,0,4,3,11,17,19,14,15,0,5,0,3,0,2,1,1,0,0,4,30,34,22,20,14,1,11,0,0,1,0,0,0,0,0,0,0,0,1,1,0,0,0,0,0,1,0,0,0,0,0,0,0,0,0,0,0,0,0,0,0,0,1,0,0,0,0,0,2,1,2,2,0,0,1,0,2,1,2,2,0,0,1
2020-03-12,444,0,17,24,14,18,12,0,1,2,33,32,34,15,18,0,4,2,10,15,18,14,14,0,3,0,3,0,2,1,1,0,0,4,31,32,24,20,14,1,11,0,0,0,0,0,0,0,0,0,0,0,0,0,1,0,0,1,2,1,1,0,1,0,0,0,0,0,0,0,0,0,0,0,0,2,0,0,0,0,0,0,2,2,1,0,0,0,0,0,2,1,1,0,0,0,0
2020-04-12,446,0,18,24,12,18,13,0,1,2,34,32,34,12,18,0,4,2,12,13,18,15,16,0,3,0,3,0,2,1,1,0,0,4,31,31,26,20,14,1,11,0,1,0,1,0,0,0,0,0,1,0,1,3,0,0,0,0,0,2,1,0,0,0,0,0,0,0,0,0,0,0,0,0,0,1,0,0,0,0,0,0,4,1,2,1,2,0,0,0,4,1,2,1,2,0,0
2020-05-12,448,0,17,25,10,18,13,0,1,2,33,33,34,12,18,0,4,2,13,14,21,15,16,0,3,0,2,0,2,2,1,0,0,4,31,31,26,20,13,1,11,0,0,0,2,0,0,0,0,0,2,0,0,0,0,0,0,0,0,0,0,1,0,0,0,0,1,0,0,0,0,0,0,0,0,0,0,0,1,0,0,0,1,2,3,1,0,0,0,0,1,2,3,1,0,0,0
2020-06-12,450,0,15,26,10,18,13,0,1,2,35,34,33,12,18,0,3,2,13,15,21,15,17,0,3,0,3,0,2,2,1,0,0,4,31,30,26,20,13,1,11,0,1,0,0,0,0,0,0,0,0,0,1,0,0,0,1,0,2,0,0,0,0,0,0,0,0,0,0,0,0,0,0,0,1,1,0,0,0,0,0,0,3,3,1,0,1,0,0,0,2,2,1,0,1,0,0
2020-07-12,451,1,14,26,7,16,13,0,1,2,35,34,37,15,18,0,3,3,13,15,21,14,16,0,4,0,3,0,2,2,1,0,0,4,32,30,26,20,13,1,9,0,1,1,0,0,0,0,0,0,0,1,0,0,0,0,0,0,0,0,0,1,0,0,0,0,0,0,0,0,0,0,0,0,0,1,0,0,0,0,2,1,0,1,1,1,0,0,1,1,0,1,1,1,0,0,1
2020-08-12,449,1,13,24,7,17,12,0,1,2,36,36,36,15,19,0,3,3,12,15,18,14,16,0,4,0,4,0,2,2,1,0,0,4,32,32,26,20,13,1,8,0,0,0,0,0,0,0,0,0,0,0,1,0,0,0,0,0,0,0,0,0,0,0,0,0,0,0,0,0,0,0,0,0,1,0,0,0,0,0,1,0,0,0,0,1,0,0,0,0,0,0,0,1,0,0,0
2020-09-12,445,1,13,23,7,17,12,0,1,2,35,37,36,15,19,0,3,3,12,15,17,14,15,0,4,0,4,0,2,2,1,0,0,4,33,31,25,19,14,1,8,0,0,0,0,0,0,0,0,0,1,0,0,0,0,0,0,0,1,1,2,0,1,0,0,0,0,0,0,0,0,0,0,0,0,0,1,0,0,0,0,0,1,1,1,0,0,0,0,0,1,1,1,0,0,0,0
2020-10-12,442,1,12,23,6,14,12,0,1,2,35,37,37,17,18,0,3,3,11,16,15,14,15,0,4,0,4,0,2,2,1,0,0,4,33,31,25,21,14,1,8,0,1,0,0,1,0,0,0,0,0,0,0,0,1,0,0,0,1,1,0,0,0,0,0,0,0,0,0,0,0,0,0,0,0,0,0,0,0,0,0,0,0,2,0,0,0,0,0,0,0,2,0,0,0,0,0
2020-11-12,443,1,12,24,6,13,13,0,1,2,35,36,36,17,19,0,3,3,10,17,14,14,16,0,4,0,4,0,2,3,1,0,0,4,34,30,25,21,14,1,8,0,1,0,0,1,0,0,0,0,0,1,1,0,0,0,0,0,0,0,1,0,0,0,0,0,0,0,0,0,0,0,0,0,0,2,0,0,0,0,0,0,1,2,0,1,3,0,0,0,1,2,0,1,3,0,0
2020-12-12,435,1,12,21,5,12,10,0,1,2,35,36,36,17,20,0,3,3,11,17,14,14,14,0,4,0,4,1,2,3,2,0,0,4,35,29,23,21,14,1,8,0,0,2,1,1,1,0,0,0,0,2,1,0,1,0,0,0,0,1,0,0,0,0,0,0,0,0,0,0,1,0,0,0,0,1,1,1,0,0,0,0,1,4,1,0,0,0,0,0,1,3,1,0,0,0,0
2021-01-12,438,0,12,24,6,13,10,0,1,2,35,36,35,17,19,0,3,2,11,17,14,14,14,0,5,0,4,1,2,3,2,0,0,4,36,29,23,21,14,1,8,1,0,0,0,0,0,0,0,0,0,0,1,0,1,0,0,0,0,1,0,0,0,0,0,0,0,0,0,0,0,0,0,0,0,0,0,0,0,0,0,0,0,3,1,1,0,0,1,0,0,2,1,1,0,0,1
2021-02-12,432,0,12,22,7,12,9,NA,1,1,35,37,35,18,20,NA,3,1,10,17,13,13,12,NA,5,0,4,1,1,3,2,NA,0,4,37,31,23,22,13,NA,8,0,0,0,0,0,0,NA,0,1,0,1,0,0,0,NA,0,0,1,0,0,1,1,NA,0,0,0,0,1,0,0,NA,0,0,0,0,0,0,1,NA,0,0,0,1,1,0,0,NA,0,0,0,1,1,0,0,NA,0
2021-03-12,428,0,10,22,7,12,10,NA,1,0,35,37,35,18,19,NA,3,1,9,17,13,13,12,NA,5,0,4,1,1,3,2,NA,0,4,36,31,23,23,13,NA,8,0,1,2,0,0,0,NA,0,1,2,0,0,0,1,NA,0,0,2,0,1,0,0,NA,0,0,0,0,0,0,0,NA,0,0,1,0,0,0,0,NA,0,0,2,2,2,0,1,NA,0,0,2,1,2,0,1,NA,0
2021-04-12,434,0,9,20,10,12,11,NA,2,0,35,37,35,19,18,NA,3,1,10,18,13,11,12,NA,6,0,4,1,3,4,2,NA,0,4,36,30,22,23,15,NA,8,0,0,1,0,0,0,NA,0,0,1,1,0,0,1,NA,0,0,0,0,0,0,0,NA,0,0,0,0,0,0,0,NA,0,0,0,1,1,0,0,NA,0,0,1,1,5,1,1,NA,1,0,1,1,2,1,1,NA,1
2021-05-12,432,0,9,17,12,12,11,NA,2,0,35,40,35,21,18,NA,3,0,9,18,12,6,12,NA,5,0,3,1,3,4,2,NA,0,4,37,32,23,23,15,NA,8,0,1,1,0,0,0,NA,0,0,0,0,0,0,0,NA,0,1,1,1,0,2,0,NA,0,0,1,0,0,1,0,NA,0,0,0,0,0,0,0,NA,0,0,1,2,1,1,0,NA,0,0,1,2,1,1,0,NA,0
2021-06-12,435,0,10,15,12,12,10,NA,2,0,34,42,34,20,20,NA,3,0,8,19,13,6,12,NA,5,0,3,1,3,4,2,NA,0,4,39,33,23,23,15,NA,8,0,0,1,0,0,0,NA,0,0,1,0,1,1,0,NA,0,0,1,0,0,0,0,NA,0,0,0,0,0,0,0,NA,0,0,0,0,0,0,0,NA,0,0,1,2,1,0,2,NA,0,0,1,2,1,0,2,NA,0
2021-07-12,437,0,12,14,12,13,10,NA,2,0,33,41,34,20,20,NA,3,0,9,17,13,10,12,NA,5,0,3,1,3,4,2,NA,0,4,39,32,23,23,15,NA,8,0,0,1,0,1,0,NA,0,0,1,1,0,0,0,NA,0,0,0,2,0,0,0,NA,0,0,0,0,0,0,0,NA,0,0,0,1,0,0,0,NA,0,0,3,0,0,3,0,NA,0,0,3,0,0,3,0,NA,0
2021-08-12,435,0,13,14,15,12,9,NA,2,0,32,39,33,19,19,NA,3,0,9,15,16,9,11,NA,5,0,3,2,3,4,3,NA,0,4,40,33,23,23,14,NA,8,0,0,0,0,1,1,NA,0,0,1,2,1,1,1,NA,0,0,0,1,0,0,0,NA,0,0,0,0,0,0,0,NA,0,0,0,0,1,0,1,NA,0,0,1,0,5,0,1,NA,0,0,1,0,2,0,1,NA,0
2021-09-12,442,0,12,16,15,13,9,NA,2,0,32,39,33,19,19,NA,3,0,11,16,17,10,11,NA,5,0,3,2,3,4,3,NA,0,4,40,33,23,23,14,NA,8,0,1,0,0,0,0,NA,0,0,0,0,0,0,0,NA,0,0,0,0,1,0,0,NA,0,0,0,0,0,0,0,NA,0,0,0,0,0,0,0,NA,0,0,2,2,1,1,0,NA,0,0,2,1,1,1,0,NA,0
2021-10-12,442,0,12,16,16,11,9,NA,2,0,33,38,33,19,21,NA,3,0,11,16,16,10,11,NA,4,0,3,2,3,4,3,NA,0,4,41,34,22,23,13,NA,9,0,1,0,0,0,0,NA,0,0,0,1,0,2,0,NA,0,0,0,0,1,0,0,NA,0,0,0,0,0,0,0,NA,0,0,0,2,0,0,1,NA,0,0,2,0,1,1,3,NA,0,0,2,0,1,1,2,NA,0
2021-11-12,438,0,12,16,16,10,8,NA,1,0,32,38,33,21,21,NA,4,0,9,15,16,10,11,NA,4,0,2,3,3,4,3,NA,0,4,41,33,23,23,13,NA,9,0,0,0,2,0,2,NA,0,0,1,0,0,0,0,NA,0,0,2,1,0,0,0,NA,0,0,0,0,0,0,0,NA,0,0,0,1,0,0,0,NA,0,0,0,1,1,1,1,NA,0,0,0,1,1,1,1,NA,0
2021-12-12,442,0,13,16,15,9,9,NA,1,0,30,38,34,19,22,NA,4,0,10,17,17,10,14,NA,4,0,2,2,3,4,3,NA,0,4,42,32,22,23,14,NA,9,0,0,1,0,1,0,NA,0,0,2,1,0,2,0,NA,0,0,0,0,0,0,0,NA,0,0,0,0,0,0,0,NA,0,0,0,1,1,0,0,NA,1,0,2,3,1,0,4,NA,0,0,2,2,1,0,3,NA,0
2022-01-12,436,0,13,16,15,8,8,NA,1,0,30,38,33,19,23,NA,4,0,8,17,18,12,13,NA,4,0,2,2,3,3,3,NA,0,4,41,31,22,23,13,NA,9,0,0,0,0,1,0,NA,0,0,0,0,1,0,0,NA,0,0,2,0,0,0,0,NA,0,0,0,0,0,1,0,NA,0,0,1,1,0,1,1,NA,0,0,0,0,1,1,0,NA,0,0,0,0,1,1,0,NA,0
2022-02-12,442,0,13,15,15,8,8,NA,1,0,30,39,34,19,22,NA,4,0,12,17,20,12,13,NA,3,0,2,2,3,4,3,NA,0,3,41,32,22,23,13,NA,9,0,0,0,0,0,0,NA,0,0,1,0,0,0,1,NA,0,0,0,0,0,0,0,NA,0,0,0,0,0,0,0,NA,0,1,0,0,1,0,0,NA,0,0,3,1,2,1,0,NA,0,0,3,1,2,1,0,NA,0
2022-03-12,446,0,16,14,16,8,8,NA,1,0,30,39,34,19,22,NA,4,0,12,17,19,12,15,NA,5,0,2,2,2,4,3,NA,0,3,40,32,23,23,12,NA,9,0,0,0,1,0,0,NA,0,0,0,1,1,0,0,NA,0,0,0,0,1,0,0,NA,0,0,0,0,1,0,0,NA,0,0,0,0,0,0,1,NA,0,0,2,0,2,0,1,NA,1,0,2,0,2,0,1,NA,1
2022-04-12,444,0,14,16,15,10,8,NA,1,0,31,39,34,19,22,NA,4,0,12,16,17,12,13,NA,5,0,2,2,2,4,3,NA,0,3,40,32,23,24,12,NA,9,0,0,0,1,0,0,NA,0,0,1,0,0,0,0,NA,0,0,0,1,1,1,1,NA,0,0,0,0,0,0,0,NA,0,0,1,0,1,0,0,NA,0,0,0,2,0,2,1,NA,0,0,0,2,0,2,1,NA,0
2022-05-12,440,0,14,16,15,10,8,NA,1,0,31,39,33,18,22,NA,4,0,13,14,14,11,12,NA,5,0,1,2,2,4,3,NA,0,3,41,34,23,24,14,NA,9,0,0,0,0,0,0,NA,0,0,0,0,1,1,0,NA,0,0,0,1,0,0,1,NA,0,0,1,0,0,0,0,NA,0,0,0,0,0,0,0,NA,0,0,1,0,0,0,0,NA,0,0,1,0,0,0,0,NA,0
2022-06-12,441,0,13,15,15,11,8,NA,1,0,32,40,33,18,22,NA,4,0,11,15,15,12,11,NA,5,0,1,1,2,4,3,NA,0,3,40,33,25,24,14,NA,10,0,0,1,0,1,0,NA,0,0,0,0,0,0,0,NA,0,0,0,1,0,0,0,NA,0,0,0,1,0,0,0,NA,0,0,1,1,0,0,0,NA,0,0,0,3,1,2,0,NA,0,0,0,2,1,2,0,NA,0
2022-07-12,442,0,13,17,15,11,8,NA,1,0,31,41,33,18,22,NA,4,0,11,17,15,10,11,NA,4,0,1,1,2,4,3,NA,0,3,37,33,26,25,15,NA,10,0,0,0,0,0,0,NA,0,0,1,0,0,1,0,NA,0,0,0,1,0,1,0,NA,0,0,0,0,0,0,0,NA,0,0,2,0,0,0,0,NA,0,0,0,5,0,1,0,NA,0,0,0,3,0,1,0,NA,0
2022-08-12,447,0,14,19,19,11,8,NA,1,0,30,37,32,18,22,NA,4,0,13,20,15,10,12,NA,4,0,1,1,2,4,2,NA,0,3,37,33,25,25,15,NA,10,0,0,0,0,0,0,NA,0,0,1,4,1,0,0,NA,0,0,0,1,1,0,0,NA,0,0,0,0,0,0,1,NA,0,0,0,0,1,0,0,NA,0,0,2,5,3,0,1,NA,0,0,2,4,2,0,1,NA,0
2022-09-12,441,0,13,19,18,14,7,NA,1,0,30,36,32,18,22,NA,4,0,14,20,16,11,11,NA,4,0,0,1,2,4,2,NA,0,3,34,31,25,25,15,NA,9,0,1,0,1,0,1,NA,0,0,0,1,0,0,0,NA,0,0,1,0,0,0,1,NA,0,0,1,0,0,0,0,NA,0,0,3,2,0,0,0,NA,1,0,2,0,1,3,0,NA,0,0,2,0,1,2,0,NA,0
2022-10-12,437,0,13,18,19,15,8,NA,1,0,30,36,31,18,22,NA,4,0,14,19,15,11,9,NA,4,0,0,1,2,4,2,NA,0,3,35,31,25,23,15,NA,9,0,0,1,0,0,0,NA,0,0,0,0,1,0,0,NA,0,0,0,0,1,2,2,NA,0,0,0,0,0,0,0,NA,0,0,0,0,0,2,0,NA,0,0,0,0,1,2,1,NA,0,0,0,0,1,2,1,NA,0
2022-11-12,440,0,11,18,20,16,8,NA,1,0,30,36,30,17,22,NA,4,0,16,19,17,12,10,NA,4,0,0,1,2,4,2,NA,0,3,34,31,25,23,15,NA,9,0,1,0,0,0,0,NA,0,0,1,1,1,1,0,NA,0,0,0,0,0,0,0,NA,0,0,0,0,0,0,0,NA,0,0,1,1,0,0,0,NA,0,0,2,2,2,1,1,NA,0,0,2,2,1,1,1,NA,0
2022-12-12,434,0,11,20,19,15,9,NA,1,0,28,35,30,15,22,NA,3,0,15,20,15,12,11,NA,4,0,0,2,2,4,2,NA,0,3,34,31,24,22,15,NA,10,0,0,0,0,2,0,NA,0,0,2,1,1,2,0,NA,1,0,1,0,2,1,0,NA,0,0,0,0,0,0,0,NA,0,0,0,0,1,1,0,NA,0,0,1,3,0,1,1,NA,0,0,1,2,0,1,1,NA,0
2023-01-12,436,0,13,17,19,15,11,NA,1,0,28,38,30,15,22,NA,3,0,15,19,15,11,11,NA,4,0,0,3,2,4,2,NA,0,3,35,29,24,22,15,NA,10,0,0,0,0,0,0,NA,0,0,0,0,0,0,0,NA,0,0,1,0,0,1,0,NA,0,0,0,0,0,0,0,NA,0,0,0,2,0,0,0,NA,0,0,2,0,0,0,2,NA,1,0,2,0,0,0,2,NA,1
2023-02-12,428,0,12,18,17,15,11,NA,1,0,27,36,31,14,22,NA,3,0,18,19,14,11,11,NA,4,0,0,3,2,4,2,NA,0,1,35,27,23,22,15,NA,10,0,1,0,1,0,0,NA,0,0,1,2,0,1,0,NA,0,0,0,0,1,0,1,NA,0,0,0,0,0,0,0,NA,0,2,0,2,1,0,0,NA,0,0,2,1,0,0,1,NA,0,0,2,1,0,0,1,NA,0
2023-03-12,431,0,11,20,16,17,10,NA,1,0,26,37,31,13,23,NA,3,0,19,21,14,11,11,NA,4,0,0,3,2,4,2,NA,0,1,35,27,23,21,15,NA,10,0,1,0,1,0,0,NA,0,0,1,0,0,1,0,NA,0,0,0,1,1,0,0,NA,0,0,0,0,0,0,0,NA,0,0,0,0,0,1,0,NA,0,0,1,4,1,1,0,NA,0,0,1,4,1,1,0,NA,0
2023-04-12,429,0,13,20,15,16,9,NA,0,0,25,36,32,14,24,NA,4,0,19,22,12,11,11,NA,3,0,0,3,2,4,2,NA,0,1,34,27,24,21,15,NA,10,0,0,0,0,1,0,NA,0,0,1,1,0,0,0,NA,0,0,1,1,1,0,0,NA,0,0,0,0,1,0,0,NA,0,0,1,0,0,0,1,NA,0,0,2,2,0,1,0,NA,0,0,2,2,0,1,0,NA,0
2023-05-12,425,NA,12,19,13,14,9,NA,0,NA,25,36,34,15,24,NA,3,NA,20,23,13,11,12,NA,3,NA,0,3,2,4,2,NA,0,NA,35,26,24,19,14,NA,10,NA,0,1,0,1,0,NA,0,NA,1,1,0,1,0,NA,1,NA,0,0,0,1,0,NA,0,NA,0,0,0,0,0,NA,0,NA,0,1,0,1,1,NA,0,NA,1,2,1,1,1,NA,0,NA,1,2,1,1,1,NA,0
2023-06-12,421,NA,10,17,15,15,9,NA,0,NA,26,35,34,15,25,NA,3,NA,20,21,13,10,11,NA,3,NA,0,3,2,4,2,NA,0,NA,34,26,25,19,14,NA,10,NA,1,1,0,0,0,NA,0,NA,0,2,0,0,0,NA,0,NA,0,1,0,1,0,NA,0,NA,0,0,0,0,0,NA,0,NA,1,1,0,0,0,NA,0,NA,0,0,1,1,1,NA,0,NA,0,0,1,1,1,NA,0
2023-07-12,419,NA,9,18,15,13,11,NA,0,NA,27,35,33,17,24,NA,3,NA,19,21,13,7,12,NA,3,NA,0,3,2,5,2,NA,0,NA,34,25,26,18,14,NA,10,NA,0,0,0,0,0,NA,0,NA,0,0,1,0,1,NA,0,NA,1,0,0,0,0,NA,0,NA,0,0,0,0,0,NA,0,NA,0,1,1,0,1,NA,0,NA,0,1,0,0,2,NA,0,NA,0,1,0,0,1,NA,0
2023-08-12,416,NA,9,20,14,13,12,NA,0,NA,26,32,34,16,24,NA,3,NA,18,23,10,7,12,NA,3,NA,0,3,4,5,2,NA,0,NA,35,25,25,18,13,NA,10,NA,0,0,0,0,0,NA,0,NA,1,3,0,1,0,NA,0,NA,1,0,0,0,0,NA,0,NA,0,0,0,0,0,NA,0,NA,0,1,1,0,1,NA,0,NA,0,3,0,0,2,NA,0,NA,0,3,0,0,2,NA,0
2023-09-12,413,NA,10,19,14,14,12,NA,0,NA,26,33,33,15,24,NA,3,NA,17,22,9,8,12,NA,3,NA,0,3,4,4,2,NA,0,NA,34,24,25,18,15,NA,10,NA,0,0,0,0,0,NA,0,NA,0,0,1,1,0,NA,0,NA,0,1,0,0,0,NA,0,NA,0,0,0,1,0,NA,0,NA,1,1,0,1,0,NA,0,NA,2,0,0,1,0,NA,0,NA,2,0,0,1,0,NA,0
2023-10-12,412,NA,11,21,14,15,11,NA,0,NA,26,32,33,15,25,NA,3,NA,16,21,9,7,10,NA,3,NA,0,3,4,4,3,NA,0,NA,32,24,27,19,14,NA,10,NA,0,0,0,0,0,NA,0,NA,1,1,0,0,0,NA,0,NA,1,2,0,0,0,NA,0,NA,0,0,0,0,0,NA,0,NA,1,0,0,0,1,NA,0,NA,2,2,0,1,0,NA,0,NA,2,2,0,1,0,NA,0
2023-11-12,423,NA,12,25,13,16,13,NA,0,NA,26,30,34,14,25,NA,3,NA,15,21,11,9,14,NA,3,NA,0,3,4,4,3,NA,0,NA,33,23,26,19,14,NA,10,NA,1,0,0,0,0,NA,0,NA,0,2,1,1,1,NA,0,NA,2,0,0,0,0,NA,0,NA,0,0,0,0,0,NA,0,NA,0,1,1,0,0,NA,0,NA,3,4,2,2,4,NA,0,NA,3,4,2,2,2,NA,0
2023-12-12,428,NA,12,24,15,17,10,NA,0,NA,26,31,33,13,27,NA,3,NA,17,22,12,9,13,NA,3,NA,0,3,4,4,4,NA,0,NA,33,24,26,20,13,NA,10,NA,0,0,0,1,1,NA,0,NA,0,0,1,1,0,NA,0,NA,0,0,0,0,0,NA,0,NA,0,0,0,0,0,NA,0,NA,0,0,0,0,1,NA,0,NA,2,1,2,1,1,NA,0,NA,2,1,2,1,1,NA,0
2024-01-12,427,NA,13,23,15,17,9,NA,0,NA,26,31,32,13,27,NA,3,NA,17,22,10,11,11,NA,4,NA,0,3,4,4,4,NA,0,NA,33,26,26,20,13,NA,10,NA,0,1,1,0,1,NA,0,NA,0,0,1,0,0,NA,0,NA,0,0,1,0,2,NA,0,NA,0,0,0,0,0,NA,0,NA,0,0,0,0,0,NA,0,NA,1,0,1,2,0,NA,1,NA,1,0,1,2,0,NA,1
2024-02-12,427,NA,13,25,14,16,9,NA,0,NA,27,30,33,13,27,NA,3,NA,12,24,9,13,11,NA,4,NA,0,3,4,4,4,NA,0,NA,32,27,25,21,14,NA,10,NA,0,0,0,1,0,NA,0,NA,0,1,0,0,0,NA,0,NA,2,0,0,0,0,NA,0,NA,0,0,0,0,0,NA,0,NA,1,2,1,0,0,NA,0,NA,2,3,0,1,0,NA,0,NA,2,3,0,1,0,NA,0
2024-03-12,427,NA,12,27,12,16,9,NA,0,NA,29,30,35,13,27,NA,3,NA,10,23,9,13,11,NA,3,NA,0,3,4,4,4,NA,0,NA,34,27,25,21,13,NA,10,NA,0,0,0,0,0,NA,0,NA,0,0,1,0,0,NA,0,NA,2,1,1,0,0,NA,0,NA,0,0,0,0,0,NA,0,NA,0,0,0,0,1,NA,0,NA,1,2,1,0,0,NA,1,NA,1,1,1,0,0,NA,1
2024-04-12,424,NA,13,26,12,15,8,NA,0,NA,29,32,35,13,26,NA,3,NA,10,24,9,11,10,NA,3,NA,0,2,4,4,4,NA,0,NA,34,26,26,22,13,NA,10,NA,0,0,1,1,1,NA,0,NA,0,0,0,0,1,NA,0,NA,0,1,0,1,1,NA,0,NA,0,1,0,0,0,NA,0,NA,0,1,0,0,0,NA,0,NA,1,2,1,0,1,NA,0,NA,1,2,1,0,1,NA,0
2024-05-12,424,NA,13,27,13,15,8,NA,0,NA,29,32,35,13,26,NA,3,NA,10,24,9,10,10,NA,3,NA,0,2,4,4,4,NA,0,NA,34,25,26,22,13,NA,10,NA,0,0,0,0,0,NA,0,NA,0,0,0,0,0,NA,0,NA,0,2,1,1,0,NA,0,NA,0,0,0,0,0,NA,0,NA,0,1,0,0,0,NA,0,NA,0,3,2,0,0,NA,0,NA,0,2,2,0,0,NA,0
2024-06-12,422,NA,13,27,14,14,8,NA,0,NA,29,33,35,12,26,NA,3,NA,11,22,7,9,12,NA,3,NA,0,3,4,4,4,NA,0,NA,34,24,25,22,13,NA,11,NA,1,0,0,1,0,NA,0,NA,0,0,0,1,0,NA,0,NA,0,1,1,1,0,NA,0,NA,0,1,0,0,0,NA,0,NA,0,1,1,0,0,NA,0,NA,1,2,1,0,1,NA,0,NA,1,2,1,0,1,NA,0
2024-07-12,425,NA,13,26,16,15,8,NA,2,NA,29,34,35,12,25,NA,3,NA,10,20,7,9,12,NA,3,NA,0,3,4,4,4,NA,0,NA,36,24,26,21,13,NA,11,NA,0,1,0,0,0,NA,0,NA,0,0,0,0,1,NA,0,NA,1,0,1,0,0,NA,0,NA,0,0,0,0,0,NA,0,NA,0,0,0,0,0,NA,0,NA,0,1,2,1,0,NA,1,NA,0,1,2,1,0,NA,1
2024-08-12,426,NA,14,24,14,15,9,NA,2,NA,29,35,37,12,24,NA,3,NA,8,16,8,9,14,NA,3,NA,0,5,4,4,4,NA,0,NA,35,24,27,23,13,NA,11,NA,0,0,0,1,0,NA,0,NA,0,1,1,0,1,NA,0,NA,1,0,0,0,0,NA,0,NA,0,0,1,0,0,NA,0,NA,1,1,0,0,0,NA,0,NA,1,0,2,1,2,NA,0,NA,1,0,1,1,1,NA,0
2024-09-12,419,NA,15,25,14,13,9,NA,2,NA,29,35,34,15,24,NA,3,NA,7,16,8,9,14,NA,3,NA,0,5,4,4,3,NA,0,NA,34,24,25,23,12,NA,10,NA,0,1,1,0,0,NA,0,NA,0,0,3,0,0,NA,0,NA,0,0,0,1,0,NA,0,NA,0,0,0,0,1,NA,0,NA,1,0,2,1,1,NA,1,NA,1,2,1,1,0,NA,0,NA,1,2,1,1,0,NA,0
2024-10-12,415,NA,17,25,13,12,9,NA,2,NA,29,35,35,16,24,NA,3,NA,6,16,10,7,13,NA,3,NA,0,5,4,4,3,NA,0,NA,34,24,22,22,12,NA,10,NA,0,0,0,0,0,NA,0,NA,0,0,0,0,0,NA,0,NA,1,1,0,2,1,NA,0,NA,0,0,0,0,0,NA,0,NA,0,1,2,1,0,NA,0,NA,2,1,2,0,0,NA,0,NA,2,1,2,0,0,NA,0
2024-11-12,422,NA,17,26,13,13,11,NA,2,NA,29,36,35,16,23,NA,3,NA,7,14,10,9,12,NA,3,NA,0,5,4,4,3,NA,0,NA,34,25,22,24,12,NA,10,NA,0,0,0,0,0,NA,0,NA,0,0,0,0,1,NA,0,NA,0,2,0,0,0,NA,0,NA,0,0,0,0,0,NA,0,NA,0,0,0,0,0,NA,0,NA,1,2,0,2,1,NA,0,NA,1,2,0,2,1,NA,0
2024-12-12,423,NA,19,26,13,14,9,NA,2,NA,29,36,34,16,23,NA,3,NA,7,15,10,8,13,NA,3,NA,0,5,4,3,3,NA,0,NA,34,25,23,24,11,NA,11,NA,1,0,0,0,1,NA,0,NA,0,1,1,1,1,NA,0,NA,0,0,0,0,0,NA,0,NA,0,0,0,1,0,NA,0,NA,0,0,1,0,1,NA,0,NA,3,3,0,1,1,NA,0,NA,3,2,0,1,1,NA,0
2025-01-12,418,NA,18,26,13,14,11,NA,2,NA,30,35,32,15,23,NA,3,NA,8,15,10,8,12,NA,2,NA,0,5,4,3,3,NA,0,NA,33,23,24,24,11,NA,11,NA,0,0,0,0,0,NA,0,NA,1,1,2,1,0,NA,0,NA,0,1,0,0,1,NA,0,NA,0,0,0,0,0,NA,0,NA,1,2,0,0,0,NA,0,NA,1,1,0,0,2,NA,0,NA,1,1,0,0,2,NA,0
2025-02-12,417,NA,20,24,12,14,12,NA,2,NA,30,36,30,15,23,NA,3,NA,10,15,9,8,11,NA,2,NA,0,5,4,3,3,NA,0,NA,33,23,23,25,11,NA,11,NA,0,1,1,0,0,NA,0,NA,0,0,2,0,0,NA,0,NA,0,0,1,0,0,NA,0,NA,0,0,0,0,0,NA,0,NA,1,0,1,0,0,NA,0,NA,4,0,0,0,1,NA,0,NA,3,0,0,0,1,NA,0
2025-03-12,418,NA,21,22,15,14,12,NA,2,NA,30,38,30,17,21,NA,3,NA,9,13,9,11,10,NA,2,NA,0,4,4,3,3,NA,0,NA,32,23,22,26,11,NA,11,NA,0,0,0,0,0,NA,0,NA,0,0,0,0,2,NA,0,NA,1,2,0,1,1,NA,0,NA,0,1,0,0,0,NA,0,NA,1,0,1,0,0,NA,0,NA,1,1,2,3,0,NA,0,NA,1,1,2,2,0,NA,0
2025-04-12,421,NA,19,23,15,13,12,NA,2,NA,32,38,30,18,21,NA,3,NA,9,13,10,12,10,NA,2,NA,0,5,4,3,3,NA,0,NA,32,23,22,26,11,NA,10,NA,0,0,0,0,0,NA,0,NA,0,0,0,0,0,NA,0,NA,0,0,0,0,0,NA,0,NA,0,0,0,0,0,NA,0,NA,0,0,0,0,0,NA,1,NA,0,2,1,1,0,NA,0,NA,0,2,1,1,0,NA,0
2025-05-12,417,NA,19,22,15,13,11,NA,2,NA,30,39,30,18,21,NA,3,NA,8,13,11,12,10,NA,2,NA,0,5,4,3,3,NA,0,NA,32,23,21,26,11,NA,10,NA,0,1,0,0,1,NA,0,NA,2,0,0,0,0,NA,0,NA,1,0,0,0,0,NA,0,NA,0,0,0,0,0,NA,0,NA,0,0,1,0,0,NA,0,NA,0,1,1,0,0,NA,0,NA,0,1,1,0,0,NA,0
2025-06-12,419,NA,19,20,13,10,11,NA,3,NA,30,39,32,19,21,NA,3,NA,9,13,13,13,11,NA,3,NA,0,5,4,3,3,NA,0,NA,32,22,21,26,11,NA,10,NA,0,2,0,2,0,NA,0,NA,0,0,0,0,0,NA,0,NA,1,0,0,0,0,NA,0,NA,0,0,0,0,0,NA,0,NA,0,1,0,0,0,NA,0,NA,2,0,1,1,1,NA,1,NA,2,0,1,1,1,NA,1
2025-07-12,423,NA,21,20,16,10,10,NA,3,NA,29,39,32,17,21,NA,3,NA,9,11,17,13,14,NA,3,NA,0,5,4,3,3,NA,0,NA,32,22,20,26,10,NA,10,NA,0,0,0,1,0,NA,0,NA,1,0,0,2,1,NA,0,NA,0,2,0,0,0,NA,0,NA,0,0,0,0,0,NA,0,NA,0,0,1,0,1,NA,0,NA,2,0,5,1,2,NA,0,NA,2,0,2,1,2,NA,0
2025-08-12,425,NA,21,20,17,10,10,NA,4,NA,29,41,32,17,21,NA,3,NA,9,12,18,13,13,NA,3,NA,0,5,4,3,3,NA,0,NA,31,22,20,25,9,NA,10,NA,1,0,0,0,0,NA,0,NA,0,0,0,0,1,NA,0,NA,1,0,0,0,1,NA,0,NA,0,0,0,0,0,NA,0,NA,1,0,0,1,1,NA,0,NA,1,2,2,0,1,NA,1,NA,1,2,1,0,1,NA,1
2025-09-12,430,NA,19,23,16,10,11,NA,4,NA,30,41,32,17,21,NA,3,NA,9,16,19,11,14,NA,3,NA,0,4,4,3,3,NA,0,NA,32,22,19,25,9,NA,10,NA,2,0,1,0,0,NA,0,NA,0,0,0,0,0,NA,0,NA,0,1,0,1,0,NA,0,NA,0,1,0,0,0,NA,0,NA,0,1,0,0,0,NA,0,NA,1,6,1,0,1,NA,0,NA,1,4,1,0,1,NA,0
2025-10-12,431,NA,18,19,16,11,14,NA,5,NA,31,43,32,15,21,NA,3,NA,9,17,19,13,14,NA,3,NA,0,4,4,3,3,NA,0,NA,30,22,20,24,9,NA,9,NA,1,3,0,0,0,NA,0,NA,0,0,0,2,0,NA,0,NA,0,0,0,0,0,NA,0,NA,0,0,0,0,0,NA,0,NA,1,0,0,1,0,NA,1,NA,1,2,0,2,2,NA,1,NA,1,2,0,2,2,NA,1
2025-11-12,433,NA,18,18,16,10,11,NA,5,NA,31,47,33,16,24,NA,3,NA,9,18,19,11,12,NA,2,NA,0,4,4,3,3,NA,0,NA,29,24,19,25,10,NA,9,NA,0,0,0,0,0,NA,0,NA,1,0,0,0,0,NA,0,NA,1,0,1,1,0,NA,1,NA,0,0,0,0,1,NA,0,NA,1,0,1,0,0,NA,0,NA,2,4,3,0,0,NA,0,NA,2,3,2,0,0,NA,0
2025-12-12,431,NA,18,18,16,8,12,NA,5,NA,29,46,33,16,24,NA,3,NA,10,18,21,10,10,NA,2,NA,0,4,4,3,3,NA,0,NA,29,24,20,25,10,NA,10,NA,0,0,0,0,0,NA,0,NA,2,1,0,2,0,NA,0,NA,0,0,0,1,1,NA,0,NA,0,0,0,0,0,NA,0,NA,0,0,0,0,0,NA,0,NA,1,0,2,0,1,NA,0,NA,1,0,2,0,1,NA,0
2026-01-12,432,NA,17,18,16,8,13,NA,5,NA,30,45,32,15,24,NA,3,NA,10,20,21,8,13,NA,1,NA,0,4,4,3,3,NA,0,NA,29,24,20,25,11,NA,10,NA,0,0,0,0,0,NA,0,NA,0,1,2,1,0,NA,0,NA,0,0,0,1,0,NA,0,NA,0,0,0,0,0,NA,0,NA,0,0,1,0,0,NA,0,NA,0,1,1,0,3,NA,0,NA,0,1,1,0,2,NA,0
2026-02-12,428,NA,16,19,16,8,12,NA,5,NA,30,43,32,13,24,NA,3,NA,11,20,23,6,14,NA,1,NA,0,4,4,3,3,NA,0,NA,28,25,20,25,10,NA,10,NA,0,0,0,0,1,NA,0,NA,1,2,0,2,0,NA,0,NA,1,0,0,1,1,NA,0,NA,0,0,0,0,0,NA,0,NA,2,0,0,0,1,NA,0,NA,1,2,1,0,1,NA,0,NA,1,2,1,0,1,NA,0
2026-03-12,426,NA,17,20,15,8,12,NA,4,NA,30,42,32,13,24,NA,2,NA,11,20,23,6,14,NA,1,NA,0,4,4,2,3,NA,0,NA,29,25,20,25,10,NA,10,NA,0,0,0,0,0,NA,1,NA,1,2,1,0,0,NA,1,NA,0,1,0,0,0,NA,0,NA,0,0,0,1,0,NA,0,NA,0,0,0,0,0,NA,0,NA,1,3,1,0,0,NA,0,NA,1,3,1,0,0,NA,0
2026-04-12,432,NA,18,23,15,8,12,NA,4,NA,31,42,32,13,24,NA,2,NA,12,18,22,8,14,NA,1,NA,0,5,4,2,3,NA,0,NA,29,24,20,26,10,NA,10,NA,1,0,0,0,1,NA,0,NA,0,0,0,0,0,NA,0,NA,0,1,1,0,0,NA,0,NA,0,0,0,0,0,NA,0,NA,0,1,0,0,0,NA,0,NA,4,2,0,1,2,NA,0,NA,4,2,0,1,2,NA,0
2026-05-12,428,NA,18,22,15,10,12,NA,4,NA,31,41,33,13,24,NA,2,NA,10,17,21,10,14,NA,1,NA,0,5,3,2,3,NA,0,NA,27,24,20,26,10,NA,10,NA,0,0,0,0,0,NA,0,NA,0,2,0,0,0,NA,0,NA,2,1,0,0,1,NA,0,NA,0,0,1,0,0,NA,0,NA,2,0,0,1,0,NA,0,NA,0,0,1,2,1,NA,0,NA,0,0,1,2,1,NA,0
2026-06-12,424,NA,19,22,13,12,11,NA,4,NA,31,39,34,13,24,NA,2,NA,10,16,19,10,14,NA,1,NA,0,5,3,2,3,NA,0,NA,26,24,20,26,11,NA,10,NA,0,0,1,0,1,NA,0,NA,1,2,0,0,0,NA,0,NA,0,0,2,0,0,NA,0,NA,0,0,0,0,1,NA,0,NA,1,0,0,1,0,NA,0,NA,2,0,0,1,1,NA,0,NA,1,0,0,1,1,NA,0
2026-07-12,422,NA,21,22,11,11,10,NA,2,NA,31,39,36,13,24,NA,4,NA,13,17,17,10,14,NA,1,NA,0,5,3,2,3,NA,0,NA,24,23,19,26,11,NA,10,NA,0,1,0,0,2,NA,0,NA,0,1,0,1,0,NA,0,NA,0,1,2,0,0,NA,0,NA,0,0,0,0,0,NA,0,NA,2,1,1,0,0,NA,0,NA,3,3,0,0,1,NA,0,NA,3,3,0,0,1,NA,0
2026-08-12,418,NA,20,21,11,15,11,NA,2,NA,31,39,36,13,24,NA,4,NA,11,17,16,10,13,NA,1,NA,0,5,3,2,3,NA,0,NA,22,23,19,27,9,NA,10,NA,0,1,0,0,0,NA,0,NA,1,0,0,0,0,NA,0,NA,2,0,0,0,1,NA,0,NA,0,0,0,0,0,NA,0,NA,1,0,0,1,2,NA,0,NA,0,0,0,2,1,NA,0,NA,0,0,0,2,1,NA,0
2026-09-12,413,NA,20,21,10,14,10,NA,2,NA,32,40,37,13,24,NA,4,NA,10,18,16,9,13,NA,1,NA,0,3,3,2,3,NA,0,NA,22,22,20,25,9,NA,10,NA,0,0,0,0,1,NA,0,NA,0,0,0,1,0,NA,0,NA,1,0,1,0,0,NA,0,NA,0,2,0,0,0,NA,0,NA,0,1,0,2,0,NA,0,NA,1,1,1,0,0,NA,0,NA,1,1,1,0,0,NA,0
2026-10-12,412,NA,19,23,10,14,10,NA,2,NA,32,39,37,12,24,NA,4,NA,10,18,15,8,13,NA,1,NA,0,3,3,2,3,NA,0,NA,23,23,20,24,10,NA,10,NA,0,0,0,0,0,NA,0,NA,1,1,0,1,0,NA,0,NA,0,2,1,1,1,NA,0,NA,0,0,0,0,0,NA,0,NA,0,0,0,0,0,NA,0,NA,0,3,1,0,1,NA,0,NA,0,2,1,0,1,NA,0
2026-11-12,408,NA,20,20,11,11,8,NA,2,NA,31,39,36,12,24,NA,4,NA,9,18,17,7,15,NA,1,NA,0,3,2,3,3,NA,0,NA,23,24,20,24,10,NA,11,NA,0,1,0,2,0,NA,0,NA,1,2,1,1,2,NA,0,NA,1,0,0,0,1,NA,0,NA,0,0,0,0,0,NA,0,NA,0,0,0,0,0,NA,0,NA,1,1,2,0,2,NA,0,NA,1,1,1,0,1,NA,0
2026-12-12,411,NA,18,19,11,10,11,NA,2,NA,33,40,35,12,24,NA,4,NA,9,18,20,6,14,NA,1,NA,0,3,2,3,3,NA,0,NA,23,23,21,25,10,NA,11,NA,0,1,0,1,1,NA,0,NA,0,0,1,1,0,NA,0,NA,0,0,0,1,0,NA,0,NA,0,0,0,0,0,NA,0,NA,0,1,0,0,0,NA,0,NA,0,2,3,1,2,NA,0,NA,0,2,3,1,2,NA,0
2027-01-12,410,NA,19,19,11,11,11,NA,2,NA,33,39,35,12,23,NA,4,NA,8,18,21,7,14,NA,1,NA,0,3,2,3,3,NA,0,NA,22,23,21,25,9,NA,11,NA,0,0,0,0,0,NA,0,NA,0,1,0,0,1,NA,0,NA,0,0,0,0,1,NA,0,NA,0,0,0,0,0,NA,0,NA,1,0,1,0,1,NA,0,NA,1,0,1,1,1,NA,0,NA,1,0,1,1,1,NA,0
2027-02-12,408,NA,20,19,11,11,12,NA,2,NA,32,37,35,12,24,NA,4,NA,8,17,22,9,14,NA,1,NA,0,3,2,2,3,NA,0,NA,22,23,21,23,9,NA,10,NA,0,0,0,0,0,NA,0,NA,1,2,0,0,0,NA,0,NA,1,1,1,0,1,NA,0,NA,0,0,0,1,0,NA,0,NA,0,0,0,2,0,NA,1,NA,1,0,1,1,2,NA,0,NA,1,0,1,1,2,NA,0
2027-03-12,408,NA,18,21,8,9,12,NA,2,NA,32,37,38,14,23,NA,4,NA,9,16,22,8,14,NA,1,NA,0,4,2,2,3,NA,0,NA,22,24,21,23,9,NA,10,NA,1,1,0,0,0,NA,0,NA,1,0,0,0,1,NA,0,NA,0,2,0,0,0,NA,0,NA,0,0,0,0,0,NA,0,NA,0,0,0,0,0,NA,0,NA,1,3,0,0,0,NA,0,NA,1,3,0,0,0,NA,0
2027-04-12,400,NA,18,19,8,9,11,NA,2,NA,32,38,37,14,23,NA,4,NA,10,15,20,7,14,NA,1,NA,0,4,2,1,3,NA,0,NA,20,25,21,24,8,NA,10,NA,0,2,0,0,1,NA,0,NA,0,0,1,0,0,NA,0,NA,1,0,1,0,0,NA,0,NA,0,0,0,1,0,NA,0,NA,2,1,0,0,1,NA,0,NA,2,1,0,0,0,NA,0,NA,1,1,0,0,0,NA,0
2027-05-12,400,NA,19,20,8,10,12,NA,2,NA,31,38,36,14,22,NA,4,NA,10,15,19,7,14,NA,1,NA,0,4,2,1,2,NA,0,NA,20,27,21,24,7,NA,10,NA,0,0,0,0,0,NA,0,NA,1,1,1,0,1,NA,0,NA,0,0,0,1,0,NA,0,NA,0,0,0,0,1,NA,0,NA,0,0,0,0,0,NA,0,NA,1,1,0,1,1,NA,0,NA,1,1,0,1,1,NA,0
2027-06-12,405,NA,19,22,10,10,13,NA,2,NA,31,37,35,14,22,NA,4,NA,9,17,17,7,15,NA,0,NA,0,4,2,1,2,NA,0,NA,20,28,22,24,8,NA,10,NA,1,0,0,0,0,NA,0,NA,0,1,1,0,0,NA,0,NA,0,1,1,0,0,NA,0,NA,0,0,0,0,0,NA,0,NA,1,0,0,0,0,NA,0,NA,1,4,2,0,3,NA,0,NA,1,3,2,0,3,NA,0
2027-07-12,407,NA,17,23,7,9,15,NA,2,NA,32,36,38,14,22,NA,4,NA,9,18,16,7,14,NA,0,NA,0,4,3,1,2,NA,0,NA,22,28,21,24,9,NA,10,NA,0,0,0,1,0,NA,0,NA,1,1,0,0,0,NA,0,NA,0,0,0,0,0,NA,0,NA,0,0,0,0,0,NA,0,NA,0,1,0,0,0,NA,0,NA,0,2,2,0,1,NA,0,NA,0,2,1,0,1,NA,0
2027-08-12,404,NA,14,23,7,9,15,NA,1,NA,32,37,39,12,21,NA,5,NA,10,20,15,7,14,NA,0,NA,0,4,3,0,2,NA,0,NA,23,28,20,23,10,NA,10,NA,2,0,0,0,0,NA,0,NA,1,0,0,2,1,NA,0,NA,0,0,1,0,0,NA,0,NA,0,0,0,1,0,NA,0,NA,0,0,1,1,0,NA,0,NA,2,3,1,0,0,NA,0,NA,2,3,1,0,0,NA,0
2027-09-12,407,NA,13,20,10,9,15,NA,2,NA,32,39,39,12,21,NA,5,NA,10,19,15,8,12,NA,0,NA,0,5,3,0,2,NA,0,NA,23,28,20,24,11,NA,10,NA,0,1,0,0,0,NA,0,NA,1,0,0,0,1,NA,0,NA,0,0,0,0,2,NA,0,NA,0,0,0,0,0,NA,0,NA,0,0,1,0,0,NA,0,NA,0,1,2,1,1,NA,1,NA,0,1,2,1,1,NA,1
2027-10-12,409,NA,11,19,13,10,15,NA,1,NA,32,39,39,12,22,NA,6,NA,9,19,16,7,12,NA,0,NA,0,5,3,0,2,NA,0,NA,23,28,21,24,11,NA,10,NA,1,1,0,0,0,NA,0,NA,1,1,0,0,0,NA,0,NA,1,0,1,0,0,NA,0,NA,0,0,0,0,0,NA,0,NA,0,1,0,0,0,NA,0,NA,0,2,4,1,1,NA,0,NA,0,2,2,1,1,NA,0
2027-11-12,399,NA,11,20,12,8,15,NA,1,NA,32,34,39,11,21,NA,6,NA,10,19,16,6,12,NA,0,NA,0,5,3,0,2,NA,0,NA,23,28,21,24,10,NA,10,NA,0,0,0,2,0,NA,0,NA,1,5,1,1,1,NA,0,NA,0,0,0,2,0,NA,0,NA,0,0,0,0,0,NA,0,NA,0,0,0,0,1,NA,0,NA,2,1,0,1,0,NA,0,NA,2,1,0,1,0,NA,0
2027-12-12,403,NA,14,20,12,9,17,NA,1,NA,32,34,38,11,22,NA,6,NA,9,19,13,6,14,NA,0,NA,1,4,3,0,2,NA,0,NA,24,28,20,23,11,NA,10,NA,0,0,0,0,0,NA,0,NA,0,0,1,0,0,NA,0,NA,1,1,1,0,0,NA,0,NA,0,0,0,0,0,NA,0,NA,0,1,1,1,0,NA,0,NA,3,1,0,1,4,NA,0,NA,3,1,0,1,4,NA,0
