date,pop_size,A_cubfem,E_cubfem,F_cubfem,L_cubfem,M_cubfem,N_cubfem,S_cubfem,T_cubfem,A_adultfem,E_adultfem,F_adultfem,L_adultfem,M_adultfem,N_adultfem,S_adultfem,T_adultfem,A_cubmale,E_cubmale,F_cubmale,L_cubmale,M_cubmale,N_cubmale,S_cubmale,T_cubmale,A_philomale,E_philomale,F_philomale,L_philomale,M_philomale,N_philomale,S_philomale,T_philomale,A_dispmale,E_dispmale,F_dispmale,L_dispmale,M_dispmale,N_dispmale,S_dispmale,T_dispmale,A_cubfem_dead,E_cubfem_dead,F_cubfem_dead,L_cubfem_dead,M_cubfem_dead,N_cubfem_dead,S_cubfem_dead,T_cubfem_dead,A_adultfem_dead,E_adultfem_dead,F_adultfem_dead,L_adultfem_dead,M_adultfem_dead,N_adultfem_dead,S_adultfem_dead,T_adultfem_dead,A_cubmale_dead,E_cubmale_dead,F_cubmale_dead,L_cubmale_dead,M_cubmale_dead,N_cubmale_dead,S_cubmale_dead,T_cubmale_dead,A_philomale_dead,E_philomale_dead,F_philomale_dead,L_philomale_dead,M_philomale_dead,N_philomale_dead,S_philomale_dead,T_philomale_dead,A_dispmale_dead,E_dispmale_dead,F_dispmale_dead,L_dispmale_dead,M_dispmale_dead,N_dispmale_dead,S_dispmale_dead,T_dispmale_dead,A_mothers,E_mothers,F_mothers,L_mothers,M_mothers,N_mothers,S_mothers,T_mothers,A_fathers,E_fathers,F_fathers,L_fathers,M_fathers,N_fathers,S_fathers,T_fathers
1996-04-12,178,4,4,3,4,8,1,0,2,13,4,5,12,15,6,5,5,11,3,1,5,8,6,0,2,13,2,4,8,14,3,5,2,0,0,0,0,0,0,0,0,0,0,0,0,0,0,0,0,0,0,0,0,0,0,0,0,0,0,0,0,0,0,0,0,0,0,0,0,0,0,0,0,0,0,0,0,0,0,0,0,0,0,0,0,0,0,0,0,0,0,0,0,0,0,0,0
1996-05-12,182,4,4,4,2,7,0,2,2,13,4,5,14,15,7,5,5,9,3,1,5,7,7,0,2,10,2,4,6,8,1,1,2,2,1,4,6,2,3,1,2,0,0,0,0,0,0,0,0,0,0,0,0,1,0,0,0,0,0,0,0,0,0,0,0,0,0,0,0,0,0,0,0,0,0,0,0,0,0,0,0,0,0,1,0,0,1,1,0,0,0,1,0,0,1,1,0
1996-06-12,184,4,4,4,3,8,0,2,2,14,4,5,14,14,7,4,5,8,3,1,5,7,6,1,2,10,2,4,6,7,1,1,2,2,1,4,6,4,4,1,2,0,0,0,1,0,0,0,0,0,0,0,0,1,0,1,0,0,0,0,0,0,0,0,0,0,0,0,0,0,0,0,0,0,0,0,0,0,0,0,0,1,0,0,1,1,0,1,0,1,0,0,1,1,0,1,0
1996-07-12,185,4,4,4,3,8,0,2,2,13,4,5,14,14,7,4,5,9,5,1,4,7,6,2,2,10,2,4,6,7,1,1,2,2,1,4,5,4,4,1,2,0,0,0,0,0,0,0,0,1,0,0,0,0,0,0,0,0,0,0,1,0,0,0,0,0,0,0,0,0,0,0,0,0,0,0,1,0,0,0,0,1,1,0,0,0,0,1,0,1,1,0,0,0,0,1,0
1996-08-12,188,4,4,5,3,7,0,2,2,13,3,5,14,14,6,4,5,12,4,1,4,6,7,3,2,10,2,4,6,7,1,1,2,3,1,3,5,4,4,1,4,0,0,0,0,1,0,0,0,0,1,0,0,0,1,0,0,0,0,0,0,1,0,0,0,0,0,0,0,0,0,0,0,0,0,0,0,0,0,0,0,3,0,1,0,0,1,1,0,2,0,1,0,0,1,1,0
1996-09-12,191,4,4,5,4,7,0,2,2,13,3,5,14,14,6,4,5,13,4,1,4,7,7,3,2,10,2,4,6,7,1,1,2,3,1,3,5,4,4,1,4,0,0,0,0,0,0,0,0,0,0,0,0,0,0,0,0,0,0,0,0,0,0,0,0,0,0,0,0,0,0,0,0,0,0,0,0,0,0,0,0,1,0,0,1,1,0,0,0,1,0,0,1,1,0,0,0
1996-10-12,189,1,4,5,4,7,0,2,2,14,3,5,14,13,6,4,5,12,3,1,5,8,7,3,2,10,2,4,5,7,1,1,2,4,1,3,5,4,5,1,4,0,0,0,0,0,0,0,0,2,0,0,0,1,0,0,0,1,0,0,0,0,0,0,0,0,0,0,1,0,0,0,0,0,0,0,0,0,0,0,0,1,0,0,1,1,0,0,0,1,0,0,1,1,0,0,0
1996-11-12,191,1,4,5,4,7,0,2,2,14,3,5,14,13,6,4,5,12,3,3,5,8,7,3,2,10,2,4,5,7,1,1,2,4,1,3,5,4,5,1,4,0,0,0,0,0,0,0,0,0,0,0,0,0,0,0,0,0,0,0,0,0,0,0,0,0,0,0,0,0,0,0,0,0,0,0,0,0,0,0,0,0,0,1,0,0,0,0,0,0,0,1,0,0,0,0,0
1996-12-12,188,1,3,5,4,7,0,2,2,13,3,5,14,13,4,4,5,12,3,4,5,8,6,3,2,10,2,4,5,6,1,1,2,4,1,3,6,5,5,1,4,0,1,0,0,0,0,0,0,1,0,0,0,0,2,0,0,0,0,0,0,0,0,0,0,0,0,0,0,0,0,0,0,0,0,0,0,0,0,0,0,0,0,1,0,0,0,0,0,0,0,1,0,0,0,0,0
1997-01-12,184,1,3,5,4,8,0,3,1,13,3,5,14,13,4,4,6,11,3,4,4,7,6,2,2,9,2,3,5,5,1,1,2,5,1,3,6,5,5,1,4,0,0,0,0,0,0,0,0,0,0,0,0,0,0,0,0,1,0,0,0,1,0,1,0,1,0,1,0,1,0,0,0,0,0,0,0,0,0,0,0,0,0,0,0,1,0,1,0,0,0,0,0,1,0,1,0
1997-02-12,185,1,4,5,3,7,0,3,2,13,3,6,14,13,4,4,6,11,4,4,4,7,5,2,1,9,2,3,5,5,1,1,2,5,1,3,6,5,5,1,5,0,0,0,1,1,0,0,0,0,0,0,0,0,0,0,0,0,0,0,0,0,1,0,1,0,0,0,0,0,0,0,0,0,0,0,0,0,0,0,0,0,1,1,0,0,0,0,1,0,1,1,0,0,0,0,1
1997-03-12,188,1,3,7,3,8,1,2,2,13,4,6,13,13,4,4,6,11,4,4,4,7,6,2,0,9,2,3,5,5,1,1,2,6,1,3,6,5,4,2,5,0,0,0,0,0,0,1,0,0,0,0,1,0,0,0,0,0,0,0,0,0,0,0,0,0,0,0,0,0,0,0,0,0,0,0,0,0,1,0,0,0,0,1,0,2,1,0,0,0,0,1,0,2,1,0,0
1997-04-12,188,1,3,8,3,8,1,2,3,13,4,6,13,13,4,4,6,10,4,4,3,7,4,2,0,9,2,3,5,5,1,1,2,7,1,3,6,6,4,2,5,0,0,0,0,0,0,0,0,0,0,0,0,0,0,0,0,1,0,0,1,0,1,0,0,0,0,0,0,0,0,0,0,0,0,0,0,0,0,0,0,0,0,1,1,0,0,0,1,0,0,1,1,0,0,0,1
1997-05-12,187,1,3,8,4,7,1,2,2,12,4,6,13,14,4,4,7,10,4,4,4,7,4,2,0,8,2,3,5,5,1,1,2,7,1,3,6,6,3,2,5,0,0,0,0,0,0,0,0,1,0,0,0,0,0,0,0,0,0,0,0,0,0,0,0,1,0,0,0,0,0,0,0,0,0,0,0,0,1,0,0,0,0,0,1,0,0,0,0,0,0,0,1,0,0,0,0
1997-06-12,185,1,3,8,7,7,1,2,2,12,4,6,13,12,4,4,7,8,4,3,4,7,4,2,0,8,2,3,5,5,1,1,2,7,1,3,6,6,3,2,5,0,0,0,0,0,0,0,0,0,0,0,0,2,0,0,0,2,0,1,0,0,0,0,0,0,0,0,0,0,0,0,0,0,0,0,0,0,0,0,0,0,0,0,2,0,0,0,0,0,0,0,2,0,0,0,0
1997-07-12,186,1,2,8,7,6,1,2,2,12,5,6,14,12,4,4,7,8,3,3,5,7,4,2,0,8,3,2,5,5,1,1,2,7,1,3,6,7,3,2,5,0,0,0,0,1,0,0,0,0,0,0,0,0,0,0,0,0,0,0,0,0,0,0,0,0,0,0,0,0,0,0,0,0,0,0,0,0,0,0,0,0,0,0,1,0,0,0,0,0,0,0,1,0,0,0,0
1997-08-12,189,2,2,8,8,6,1,3,1,12,5,6,14,11,4,4,7,9,3,3,5,7,4,3,0,8,3,2,5,5,1,1,2,7,1,3,6,7,3,2,5,0,0,0,0,0,0,0,1,0,0,0,0,1,0,0,0,0,0,0,0,0,0,0,0,0,0,0,0,0,0,0,0,0,0,0,0,0,0,0,0,1,0,0,1,0,0,1,0,1,0,0,1,0,0,1,0
1997-09-12,195,2,2,8,8,6,2,3,5,12,5,6,14,11,4,3,7,9,3,3,4,7,4,3,1,8,3,2,5,5,1,1,2,7,1,4,6,8,3,2,5,0,0,0,0,0,0,0,0,0,0,0,0,0,0,1,0,0,0,0,0,0,0,0,0,0,0,0,0,0,0,0,0,0,0,0,0,0,0,0,0,0,0,0,0,0,1,0,3,0,0,0,0,0,1,0,2
1997-10-12,199,2,2,9,8,7,2,3,5,12,5,6,14,11,4,3,7,9,3,4,4,6,4,3,1,8,3,2,5,5,1,1,2,7,1,4,7,8,3,2,6,0,0,0,0,0,0,0,0,0,0,0,0,0,0,0,0,0,0,0,0,1,0,0,0,0,0,0,0,0,0,0,0,0,0,0,0,0,0,0,0,1,0,2,0,1,0,0,0,1,0,2,0,1,0,0,0
1997-11-12,200,2,2,9,8,6,3,3,5,12,5,6,14,12,4,2,6,9,3,4,4,6,4,4,2,8,3,2,5,5,1,1,2,7,1,4,7,8,3,2,6,0,0,0,0,0,0,0,0,0,0,0,0,0,0,1,1,0,0,0,0,0,0,0,0,0,0,0,0,0,0,0,0,0,0,0,0,0,0,0,0,0,0,0,0,0,1,1,1,0,0,0,0,0,1,1,1
1997-12-12,200,2,2,10,8,5,3,3,5,12,5,6,14,14,4,2,5,8,3,4,3,8,4,4,2,8,3,2,5,5,1,1,2,7,1,4,6,8,3,2,6,0,0,0,0,0,0,0,0,0,0,0,0,0,0,0,1,0,0,0,1,0,0,0,0,0,0,0,0,0,0,0,0,0,0,0,1,1,0,0,0,0,0,1,0,2,0,0,0,0,0,1,0,2,0,0,0
1998-01-12,200,2,2,11,8,7,3,3,5,11,5,6,14,14,4,2,5,7,3,4,3,6,4,3,2,8,3,2,5,5,1,1,2,7,2,5,5,8,4,2,6,0,0,0,0,0,0,0,0,1,0,0,0,0,0,0,0,0,0,0,0,0,0,1,0,0,0,0,0,0,0,0,0,0,0,0,1,0,0,0,0,0,0,1,0,1,0,0,0,0,0,1,0,1,0,0,0
1998-02-12,197,2,1,10,8,6,3,3,5,11,6,7,14,13,4,2,5,6,3,4,3,6,4,3,2,8,3,2,5,5,1,1,2,7,2,5,5,8,4,2,6,1,0,0,0,1,0,0,0,0,0,0,0,1,0,0,0,1,0,0,0,0,0,0,0,0,0,0,0,0,0,0,0,0,0,0,0,0,0,0,0,1,0,0,0,0,0,0,0,1,0,0,0,0,0,0,0
1998-03-12,199,2,1,10,7,6,3,3,5,11,6,8,14,12,4,2,5,6,3,7,3,6,4,3,3,7,2,2,5,5,1,1,2,8,2,5,5,8,4,2,6,0,0,0,1,0,0,0,0,0,0,0,0,1,0,0,0,0,0,0,0,0,0,0,0,1,0,0,0,0,0,0,0,0,0,0,0,0,0,0,0,0,0,2,0,0,0,0,1,0,0,2,0,0,0,0,1
1998-04-12,197,2,1,10,7,5,3,3,4,11,6,8,14,12,4,2,5,6,3,7,3,5,5,3,3,7,2,2,5,5,1,1,2,8,2,5,5,8,4,2,6,0,0,0,0,1,0,0,1,0,0,0,0,0,0,0,0,1,0,0,0,1,0,0,0,0,0,0,0,0,0,0,0,0,0,0,0,0,0,0,0,1,0,0,0,0,1,0,0,1,0,0,0,0,1,0,0
1998-05-12,195,4,1,9,7,5,3,2,4,10,6,9,13,11,4,3,5,6,3,7,3,5,4,3,3,7,2,2,5,5,1,1,2,8,2,5,6,8,3,2,6,0,0,0,0,0,0,0,0,1,0,0,1,1,0,0,0,0,0,0,0,0,0,0,0,0,0,0,0,0,0,0,0,0,0,0,0,0,1,0,0,1,0,0,0,0,0,0,0,1,0,0,0,0,0,0,0
1998-06-12,193,5,1,9,6,4,3,2,4,10,6,8,14,12,3,3,5,6,3,7,3,5,4,2,3,7,2,2,5,5,1,2,2,7,2,5,6,8,3,2,6,0,0,0,0,0,0,0,0,0,0,1,0,0,1,0,0,0,0,0,0,0,0,0,0,0,0,0,0,0,0,0,0,1,0,0,0,0,0,0,0,1,0,0,0,0,0,0,0,1,0,0,0,0,0,0,0
1998-07-12,190,5,1,9,6,3,3,2,4,10,6,8,14,12,3,3,5,6,1,7,2,5,4,1,3,7,2,2,5,5,1,2,2,7,2,6,6,8,3,2,7,0,0,0,0,1,0,0,0,0,0,0,0,0,0,0,0,0,0,0,1,0,0,1,0,0,0,0,0,0,0,0,0,0,0,0,0,0,0,0,0,0,0,0,0,0,0,0,0,0,0,0,0,0,0,0,0
1998-08-12,189,4,1,8,6,3,3,2,4,10,6,8,14,12,3,3,5,3,1,8,2,5,3,2,3,8,2,2,5,4,1,2,2,7,3,6,6,10,3,2,7,1,0,0,0,0,0,0,0,0,0,1,0,0,0,0,0,1,0,0,0,0,0,0,0,0,0,0,0,0,0,0,0,0,0,0,0,0,0,0,0,0,0,1,0,0,0,1,0,0,0,1,0,0,0,1,0
1998-09-12,186,4,1,8,5,3,3,2,4,10,6,7,14,12,3,3,5,2,1,8,2,4,3,2,3,9,2,2,5,4,1,2,2,7,3,7,6,9,3,2,7,0,0,0,0,0,0,0,0,0,0,1,1,0,0,0,0,0,0,0,0,0,0,0,0,0,0,0,0,0,0,0,0,0,0,0,0,1,0,0,0,0,0,0,0,0,0,0,0,0,0,0,0,0,0,0,0
1998-10-12,186,4,1,8,6,3,3,2,4,10,6,7,14,12,3,3,5,1,1,8,2,3,3,2,3,9,2,2,6,2,1,2,2,7,5,7,6,9,3,2,7,0,0,0,0,0,0,0,0,0,0,0,0,0,0,0,0,0,0,0,0,0,0,0,0,0,0,0,0,2,0,0,0,0,0,0,0,0,0,0,0,0,0,0,1,0,0,0,0,0,0,0,1,0,0,0,0
1998-11-12,183,4,0,8,6,3,3,1,4,10,6,7,14,12,3,3,5,1,1,6,2,3,3,2,3,9,2,3,6,2,1,1,2,7,5,7,6,9,3,2,8,0,1,0,0,0,0,1,0,0,0,0,0,0,0,0,0,0,0,0,0,0,0,0,0,0,0,0,0,0,0,1,0,0,0,0,0,0,0,0,0,0,0,0,0,0,0,0,0,0,0,0,0,0,0,0,0
1998-12-12,185,4,1,8,6,4,3,1,4,10,6,7,13,12,3,3,5,1,1,6,2,4,4,1,3,9,2,3,6,2,1,1,2,7,5,7,6,9,3,2,8,0,0,0,0,0,0,0,0,0,0,0,1,0,0,0,0,0,0,0,0,0,0,1,0,0,0,0,0,0,0,0,0,0,0,0,0,0,0,0,0,0,1,0,0,1,1,0,0,0,1,0,0,1,1,0,0
1999-01-12,188,6,1,9,8,4,2,1,4,10,6,6,13,11,3,3,5,2,1,6,2,4,4,1,3,9,2,3,6,2,1,1,2,7,5,7,6,9,3,2,8,0,0,0,0,0,1,0,0,0,0,1,0,1,0,0,0,0,0,0,0,0,0,0,0,0,0,0,0,0,0,0,0,0,0,0,0,0,0,0,0,3,0,1,1,0,0,0,0,2,0,1,1,0,0,0,0
1999-02-12,197,7,1,8,10,5,2,1,7,10,6,7,13,11,3,3,5,2,0,4,3,5,4,1,4,9,2,3,6,2,1,1,2,7,5,9,7,8,3,2,8,0,0,0,0,0,0,0,0,0,0,0,0,0,0,0,0,0,0,1,0,0,0,0,0,0,0,0,0,0,0,0,0,0,0,0,0,0,0,0,0,1,0,0,2,1,0,0,2,1,0,0,1,1,0,0,2
1999-03-12,197,7,1,7,10,6,2,1,6,10,6,9,11,10,3,2,5,2,0,5,3,7,3,1,4,9,2,3,6,2,2,1,2,7,5,9,7,8,3,2,8,0,0,0,0,0,0,0,1,0,0,0,2,1,0,1,0,0,0,0,0,0,0,0,0,0,0,0,0,0,0,0,0,0,0,0,1,0,0,0,0,0,0,2,0,3,0,0,0,0,0,2,0,2,0,0,0
1999-04-12,200,7,1,7,10,6,2,2,5,10,6,10,11,10,3,2,6,2,0,5,3,7,3,2,5,9,2,3,6,2,2,1,2,6,5,10,6,8,3,2,8,0,0,0,0,0,0,0,0,0,0,0,0,0,0,0,0,0,0,0,0,0,0,0,0,0,0,0,0,0,0,0,0,1,0,0,0,0,0,0,0,0,0,1,0,0,0,1,1,0,0,1,0,0,0,1,1
1999-05-12,201,7,1,7,9,6,2,2,5,10,6,10,11,10,3,2,6,2,3,5,3,7,3,2,5,9,2,3,6,2,2,1,2,6,5,10,6,8,3,2,7,0,0,0,0,0,0,0,0,0,0,0,1,0,0,0,0,0,0,0,0,0,0,0,0,0,0,0,0,0,0,0,0,0,0,0,0,0,0,0,1,0,2,0,0,0,0,0,0,0,1,0,0,0,0,0,0
1999-06-12,199,7,1,7,6,6,2,2,5,10,5,10,14,10,3,2,6,2,3,5,4,7,3,2,5,8,2,3,6,1,2,1,2,6,5,10,6,8,3,2,7,0,0,0,0,0,0,0,0,0,1,0,0,0,0,0,0,0,0,0,0,0,0,0,0,1,0,0,0,1,0,0,0,0,0,0,0,0,0,0,0,0,0,0,1,0,0,0,0,0,0,0,1,0,0,0,0
1999-07-12,202,7,1,8,5,6,3,2,5,10,5,10,15,10,3,2,6,2,3,5,4,8,3,2,6,8,2,2,6,1,2,1,2,6,5,10,6,8,3,2,7,0,0,0,0,0,0,0,0,0,0,0,0,0,0,0,0,0,0,0,0,0,0,0,0,0,0,1,0,0,0,0,0,1,0,0,0,0,0,0,0,0,0,1,1,1,1,0,1,0,0,1,1,1,1,0,1
1999-08-12,198,6,1,8,5,6,3,1,5,10,5,10,15,10,3,3,6,2,3,5,4,8,3,2,6,8,2,2,4,1,2,1,2,6,5,10,6,8,3,2,6,0,0,0,0,0,0,0,0,1,0,0,0,0,0,0,0,0,0,0,0,0,0,0,0,0,0,0,2,0,0,0,0,0,0,0,0,0,0,0,1,0,0,0,0,0,0,0,0,0,0,0,0,0,0,0,0
1999-09-12,192,6,2,8,5,6,2,1,3,10,5,10,14,9,4,3,8,0,3,5,4,7,2,2,5,8,2,2,3,1,2,1,2,8,5,10,6,8,3,2,5,0,0,1,0,0,0,0,0,0,0,0,1,1,0,0,0,2,0,0,0,1,0,0,0,0,0,0,1,0,0,0,0,0,0,0,0,0,0,0,1,0,1,1,0,0,0,0,0,0,1,1,0,0,0,0,0
1999-10-12,191,6,2,7,4,6,2,1,2,10,5,11,14,10,4,3,7,0,3,6,4,7,2,2,5,8,2,2,3,1,2,1,2,8,5,9,6,9,3,2,5,0,0,0,1,0,0,0,1,0,0,0,0,0,0,0,1,0,0,0,0,0,0,0,0,0,0,0,0,0,0,0,0,0,0,1,0,0,0,0,0,0,0,1,0,1,0,0,0,0,0,1,0,1,0,0,0
1999-11-12,187,5,2,7,4,6,1,1,2,9,5,11,14,10,5,2,7,0,3,6,4,7,2,2,4,8,2,2,3,1,2,1,2,8,5,9,7,9,3,1,5,1,0,0,0,0,0,0,0,1,0,0,0,0,0,1,0,0,0,0,1,0,0,0,0,0,0,0,0,0,0,0,0,0,0,0,0,0,0,1,0,0,0,0,1,0,0,0,0,0,0,0,1,0,0,0,0
1999-12-12,186,5,2,6,5,5,2,1,2,9,5,12,14,10,5,2,6,0,3,6,4,6,4,2,4,7,2,2,3,1,1,1,2,8,5,9,7,9,3,1,5,0,0,0,0,0,0,0,0,0,0,0,0,1,0,0,1,0,0,0,0,0,0,0,0,1,0,0,0,0,0,0,0,0,0,1,0,1,0,0,0,0,0,0,1,0,2,0,0,0,0,0,1,0,1,0,0
2000-01-12,188,6,2,5,5,4,2,1,2,9,5,13,14,11,5,2,6,0,3,6,4,6,4,2,5,7,2,2,3,1,1,1,2,8,5,9,7,9,3,1,5,0,0,0,0,0,0,0,0,0,0,0,0,0,0,0,0,0,0,0,0,0,0,0,1,0,0,0,0,0,0,0,0,0,0,0,0,0,0,0,0,1,0,0,0,0,0,0,1,1,0,0,0,0,0,0,1
2000-02-12,190,8,2,7,5,4,2,1,2,9,5,13,13,11,5,2,6,0,3,7,6,6,4,2,4,7,2,1,3,1,1,1,2,7,4,9,7,9,3,1,5,0,0,0,0,0,0,0,0,0,0,0,1,0,0,0,0,0,0,0,0,0,0,0,1,0,0,1,0,0,0,0,0,1,1,0,0,0,0,0,0,1,0,2,1,0,0,0,0,1,0,2,1,0,0,0,0
2000-03-12,192,10,2,7,5,4,2,1,2,9,5,13,13,10,5,2,6,0,3,4,6,8,4,2,4,7,2,3,3,1,1,1,2,7,4,9,6,9,3,1,6,0,0,0,0,0,0,0,0,0,0,0,0,1,0,0,0,0,0,0,0,0,0,0,0,0,0,0,0,0,0,0,0,0,0,0,1,0,0,0,0,1,0,0,0,1,0,0,0,1,0,0,0,1,0,0,0
2000-04-12,186,9,2,7,4,4,2,1,1,9,5,13,13,9,5,1,6,0,3,4,6,8,3,2,4,7,2,3,2,1,1,1,2,7,4,9,7,9,3,1,6,1,0,0,1,0,0,0,1,0,0,0,0,1,0,1,0,0,0,0,0,0,0,0,0,0,0,0,1,0,0,0,0,0,0,0,0,0,0,0,0,0,0,0,0,0,0,0,0,0,0,0,0,0,0,0,0
2000-05-12,187,8,2,8,4,4,2,1,1,10,5,13,13,9,5,1,6,0,3,4,6,8,3,2,5,7,2,3,2,1,1,1,2,7,3,9,7,9,3,1,6,0,0,1,0,0,0,0,0,0,0,0,0,0,0,0,0,0,0,0,0,0,0,0,0,0,0,0,0,0,0,0,0,0,1,0,0,0,0,0,0,0,0,2,0,0,0,0,1,0,0,1,0,0,0,0,1
2000-06-12,187,7,2,8,5,4,2,1,1,11,5,13,13,8,5,1,6,1,3,4,6,8,3,2,5,7,2,3,2,1,1,1,2,7,3,9,6,9,3,1,6,0,0,0,0,0,0,0,0,0,0,0,0,1,0,0,0,0,0,0,0,1,0,0,0,0,0,0,0,0,0,0,0,0,0,0,1,0,0,0,0,1,0,0,1,1,0,0,0,1,0,0,1,1,0,0,0
2000-07-12,186,7,2,8,6,4,1,1,1,11,5,13,13,8,5,1,6,2,3,3,6,8,3,2,5,7,2,3,2,1,1,1,2,7,3,9,6,10,3,1,4,0,0,0,0,0,1,0,0,0,0,0,0,0,0,0,0,0,0,1,0,0,0,0,1,0,0,0,0,0,0,0,0,0,0,0,0,0,0,0,1,1,0,0,1,0,0,0,1,1,0,0,1,0,0,0,1
2000-08-12,184,7,2,8,6,4,1,2,1,10,5,13,13,8,5,1,6,2,3,3,5,7,3,2,5,7,2,3,2,1,1,1,2,8,3,9,6,10,3,1,3,0,0,0,0,0,0,0,0,1,0,0,0,0,0,0,0,0,0,0,1,1,0,0,0,0,0,0,0,0,0,0,0,0,0,0,0,0,0,0,1,0,0,0,0,0,0,1,0,0,0,0,0,0,0,1,0
2000-09-12,181,7,2,8,6,4,1,2,1,9,5,13,13,8,5,1,6,2,2,4,5,7,3,2,5,7,2,3,2,1,0,0,2,8,3,9,6,10,3,1,3,0,0,0,0,0,0,0,0,1,0,0,0,0,0,0,0,0,1,0,0,0,0,0,0,0,0,0,0,0,1,1,0,0,0,0,0,0,0,0,0,0,0,1,0,0,0,0,0,0,0,1,0,0,0,0,0
2000-10-12,177,6,2,8,5,4,1,2,1,9,5,13,14,8,5,1,6,2,2,4,3,7,3,2,5,7,2,3,2,1,0,0,2,7,3,9,6,10,3,1,3,1,0,0,0,0,0,0,0,0,0,0,0,0,0,0,0,0,0,0,1,0,0,0,0,0,0,0,1,0,0,0,0,1,0,0,0,0,0,0,0,0,0,0,0,0,0,0,0,0,0,0,0,0,0,0,0
2000-11-12,174,6,2,8,5,4,1,2,1,9,5,13,14,8,5,0,6,2,2,4,4,7,3,2,5,6,2,3,1,1,0,0,2,6,3,9,6,10,3,1,3,0,0,0,0,0,0,0,0,0,0,0,0,0,0,1,0,0,0,1,0,0,0,0,0,1,0,0,1,0,0,0,0,1,0,0,0,0,0,0,0,0,0,1,1,0,0,0,0,0,0,1,1,0,0,0,0
2000-12-12,171,6,1,8,5,3,1,2,1,9,6,13,14,8,5,0,6,2,2,4,4,6,2,2,4,6,2,3,1,1,0,0,2,7,3,9,6,10,3,1,3,0,0,0,0,0,0,0,0,0,0,0,0,1,0,0,0,0,0,0,0,1,0,0,1,0,0,0,0,0,0,0,0,0,0,0,0,0,0,0,0,0,0,0,0,0,0,0,0,0,0,0,0,0,0,0,0
2001-01-12,174,6,1,8,5,3,1,2,2,10,6,13,14,8,5,0,6,4,2,4,4,6,2,2,4,6,2,3,1,1,0,0,2,7,3,8,6,10,3,1,3,0,0,0,0,0,0,0,0,0,0,0,0,0,0,0,0,0,0,0,0,0,0,0,0,0,0,0,0,0,0,0,0,0,0,1,0,0,0,0,0,2,0,0,0,0,0,0,1,1,0,0,0,0,0,0,1
2001-02-12,178,6,1,9,3,2,1,2,3,10,6,13,16,9,5,0,7,4,2,4,5,5,2,2,4,6,2,3,1,1,0,0,2,7,3,8,7,10,3,1,3,0,0,0,0,0,0,0,0,0,0,0,0,0,0,0,0,0,0,0,0,0,0,0,0,0,0,0,0,0,0,0,0,0,0,0,0,0,0,0,0,0,0,1,1,0,0,0,1,0,0,1,1,0,0,0,1
2001-03-12,180,5,1,8,3,1,2,1,3,10,6,14,16,10,5,0,7,4,2,6,5,3,3,2,4,6,2,3,1,2,0,0,2,8,3,8,7,10,3,1,3,1,0,1,0,0,0,1,0,0,0,0,0,0,0,0,0,0,0,1,0,0,0,0,0,0,0,0,0,0,0,0,0,0,0,0,0,0,0,0,0,0,0,2,0,0,1,0,0,0,0,2,0,0,1,0,0
2001-04-12,180,5,1,7,3,1,2,1,3,10,6,15,16,9,5,0,7,4,2,6,6,3,3,1,3,6,2,3,1,2,0,0,2,10,3,8,7,10,3,1,3,0,0,0,0,0,0,0,0,0,0,0,0,1,0,0,0,0,0,0,0,0,0,0,0,0,0,0,0,0,0,0,0,0,0,0,0,0,0,0,0,0,0,0,1,0,0,0,0,0,0,0,1,0,0,0,0
2001-05-12,182,6,1,7,6,2,2,1,3,9,6,14,16,9,5,0,7,4,0,6,6,4,3,1,3,6,3,3,1,2,0,0,2,9,3,9,7,9,3,1,3,0,0,0,0,0,0,0,0,1,0,1,0,0,0,0,0,0,0,0,0,0,0,0,0,0,0,0,0,0,0,0,0,1,0,0,0,1,0,0,0,1,0,0,2,1,0,0,0,1,0,0,2,1,0,0,0
2001-06-12,186,6,3,8,6,4,2,1,3,9,6,14,16,9,5,0,7,4,0,6,6,4,3,1,3,5,3,3,1,2,0,0,2,9,3,9,7,9,3,1,3,0,0,0,0,0,0,0,0,0,0,0,0,0,0,0,0,0,0,0,0,0,0,0,0,1,0,0,0,0,0,0,0,0,0,0,0,0,0,0,0,0,1,1,0,1,0,0,0,0,1,1,0,1,0,0,0
2001-07-12,188,6,3,7,6,4,2,1,3,9,6,15,16,9,5,0,7,4,0,6,5,5,4,1,3,5,3,3,2,2,0,0,2,8,3,9,8,9,3,1,3,0,0,0,0,0,0,0,0,0,0,0,0,0,0,0,0,0,0,0,0,0,0,0,0,0,0,0,0,0,0,0,0,1,0,0,0,0,0,0,0,0,0,0,0,2,1,0,0,0,0,0,0,2,1,0,0
2001-08-12,188,6,3,7,6,4,2,1,3,9,6,15,16,9,5,0,7,6,0,6,5,5,4,1,2,5,3,3,2,2,0,0,2,8,3,8,8,9,3,1,3,0,0,0,0,0,0,0,0,0,0,0,0,0,0,0,0,0,0,0,0,0,0,0,1,0,0,0,0,0,0,0,0,0,0,1,0,0,0,0,0,1,0,0,0,0,0,0,0,1,0,0,0,0,0,0,0
2001-09-12,188,6,2,6,6,4,2,1,2,9,7,16,16,8,5,0,7,6,0,7,6,5,4,1,2,5,3,3,2,2,0,0,2,8,3,8,8,9,3,1,3,0,0,0,0,0,0,0,1,0,0,0,0,1,0,0,0,0,0,0,0,0,0,0,0,0,0,0,0,0,0,0,0,0,0,0,0,0,0,0,0,0,0,1,1,0,0,0,0,0,0,1,1,0,0,0,0
2001-10-12,188,6,2,7,6,3,2,1,2,9,7,16,16,9,5,0,7,6,0,8,6,5,4,1,1,5,3,3,2,2,0,0,2,8,3,8,8,8,3,1,3,0,0,1,0,0,0,0,0,0,0,0,0,0,0,0,0,0,0,0,0,0,0,0,1,0,0,0,0,0,0,0,0,0,0,0,0,1,0,0,0,0,0,2,0,0,0,0,0,0,0,1,0,0,0,0,0
2001-11-12,191,6,2,7,6,3,2,1,2,9,7,16,16,9,5,0,7,7,0,8,6,6,5,1,1,5,3,3,2,2,0,0,2,8,3,8,8,8,3,1,3,0,0,0,0,0,0,0,0,0,0,0,0,0,0,0,0,0,0,0,0,0,0,0,0,0,0,0,0,0,0,0,0,0,0,0,0,0,0,0,0,1,0,0,0,1,1,0,0,1,0,0,0,1,1,0,0
2001-12-12,188,6,2,7,5,3,1,1,2,9,7,16,16,9,6,0,7,7,0,8,5,6,3,0,1,5,3,3,2,2,0,0,2,8,4,9,8,8,3,1,3,0,0,0,0,0,0,0,0,0,0,0,1,0,0,0,0,0,0,0,1,0,0,1,0,0,0,0,0,0,0,0,0,0,0,0,0,0,0,0,0,0,0,0,0,0,0,0,0,0,0,0,0,0,0,0,0
2002-01-12,189,4,2,7,5,3,1,1,3,10,7,16,16,9,6,0,7,6,1,8,6,6,3,0,1,5,3,3,2,2,0,0,2,8,4,9,8,8,3,1,3,1,0,0,0,0,0,0,0,0,0,0,0,0,0,0,0,1,0,0,0,0,0,0,0,0,0,0,0,0,0,0,0,0,0,0,0,0,0,0,0,0,1,0,1,0,0,0,1,0,1,0,1,0,0,0,1
2002-02-12,194,4,3,5,7,3,1,1,3,11,7,18,16,9,6,0,7,7,1,7,5,6,3,0,1,5,3,3,2,2,0,0,2,7,5,10,8,8,3,2,3,0,0,0,0,0,0,0,0,0,0,0,0,0,0,0,0,0,0,0,0,0,0,0,0,0,0,0,0,0,0,0,0,1,0,0,0,0,0,0,0,1,1,0,2,0,0,0,0,1,1,0,2,0,0,0,0
2002-03-12,197,2,3,5,9,3,1,1,3,13,7,17,15,9,6,0,7,9,1,7,5,4,3,0,2,5,3,3,2,2,0,0,2,7,7,10,8,8,3,2,3,0,0,0,0,0,0,0,0,0,0,1,1,0,0,0,0,1,0,0,0,0,0,0,0,0,0,0,0,0,0,0,0,0,0,0,0,0,0,0,0,2,0,0,1,0,0,0,1,1,0,0,1,0,0,0,1
2002-04-12,198,2,3,6,9,3,1,1,3,12,7,17,15,9,6,0,6,9,1,8,5,4,3,0,4,4,3,3,2,2,0,0,2,7,7,10,8,8,3,2,3,0,0,1,0,0,0,0,0,1,0,0,0,0,0,0,1,0,0,0,0,0,0,0,0,1,0,0,0,0,0,0,0,0,0,0,0,0,0,0,0,0,0,2,0,0,0,0,2,0,0,1,0,0,0,0,1
2002-05-12,197,2,3,5,10,3,1,1,3,12,7,18,15,9,6,0,6,7,1,8,5,4,4,0,3,4,3,3,2,2,0,0,2,7,7,10,8,8,3,2,3,0,0,0,0,0,0,0,0,0,0,0,0,0,0,0,0,2,0,0,0,0,0,0,1,0,0,0,0,0,0,0,0,0,0,0,0,0,0,0,0,0,0,0,1,0,1,0,0,0,0,0,1,0,1,0,0
2002-06-12,199,2,4,6,9,4,1,1,3,12,7,16,16,9,6,0,6,7,1,9,5,4,4,0,3,4,3,3,2,2,0,0,2,7,7,10,8,8,3,2,3,0,0,0,0,0,0,0,0,0,0,2,0,0,0,0,0,0,0,0,1,0,0,0,0,0,0,0,0,0,0,0,0,0,0,0,0,0,0,0,0,0,1,1,1,1,0,0,0,0,1,1,1,1,0,0,0
2002-07-12,199,2,4,6,8,4,1,1,3,12,7,16,17,9,6,0,6,8,1,8,5,4,3,0,4,5,3,3,2,2,0,0,2,8,7,9,7,8,3,2,3,0,0,0,0,0,0,0,0,0,0,0,0,0,0,0,0,0,0,1,0,0,1,0,0,0,0,0,0,0,0,0,0,0,0,1,0,0,0,0,0,1,0,0,0,0,0,0,1,1,0,0,0,0,0,0,1
2002-08-12,203,2,4,10,8,4,1,0,3,12,7,16,17,9,6,1,6,7,1,10,5,3,3,0,4,5,3,3,2,2,0,0,2,8,7,9,7,8,3,2,3,0,0,0,0,0,0,0,0,0,0,0,0,0,0,0,0,1,0,0,0,1,0,0,0,0,0,0,0,0,0,0,0,0,0,0,0,0,0,0,0,0,0,3,0,0,0,0,0,0,0,2,0,0,0,0,0
2002-09-12,206,4,4,11,8,4,2,0,3,11,7,16,17,9,6,1,6,7,1,9,5,3,3,0,5,5,3,4,2,2,0,0,1,8,7,9,7,8,3,2,3,0,0,0,0,0,0,0,0,1,0,0,0,0,0,0,0,0,0,1,0,0,0,0,0,0,0,0,0,0,0,0,1,0,0,0,0,0,0,0,0,1,0,1,0,0,1,0,1,1,0,1,0,0,1,0,1
2002-10-12,201,4,4,12,9,5,2,0,3,10,5,15,17,9,6,1,6,7,1,9,4,2,3,0,5,5,3,4,2,2,0,0,1,8,7,9,6,8,2,2,3,0,0,0,0,0,0,0,0,1,2,1,0,0,0,0,0,0,0,0,1,1,0,0,0,0,0,0,0,0,0,0,0,0,0,0,1,0,1,0,0,0,0,1,1,1,0,0,0,0,0,1,1,1,0,0,0
2002-11-12,202,4,5,12,9,7,2,0,2,10,5,15,17,9,6,1,5,6,2,8,4,2,3,0,5,5,3,4,2,2,0,0,1,8,8,9,6,8,2,2,3,0,0,0,0,0,1,0,1,0,0,0,0,0,0,0,1,1,0,0,0,0,0,0,0,0,0,0,0,0,0,0,0,0,0,0,0,0,0,0,0,0,1,0,0,2,1,0,0,0,1,0,0,2,1,0,0
2002-12-12,198,4,5,12,9,7,2,0,2,9,5,14,17,9,5,1,5,6,2,8,4,2,3,0,5,5,3,3,1,2,0,0,1,8,8,9,6,9,2,2,3,0,0,0,0,0,0,0,0,1,0,1,0,0,1,0,0,0,0,0,0,0,0,0,0,0,0,1,0,0,0,0,0,0,0,0,0,0,0,0,0,0,0,0,0,0,0,0,0,0,0,0,0,0,0,0,0
2003-01-12,197,3,5,12,9,6,2,0,2,10,5,14,16,9,5,1,5,6,2,9,4,4,3,0,5,5,3,3,1,2,0,0,1,7,8,9,6,8,2,2,3,0,0,0,0,1,0,0,0,0,0,0,1,0,0,0,0,0,0,1,0,0,0,0,0,0,0,0,0,0,0,0,0,1,0,0,0,1,0,0,0,0,0,1,0,1,0,0,0,0,0,1,0,1,0,0,0
2003-02-12,201,3,6,12,9,6,2,0,1,10,5,14,16,9,5,1,6,6,3,10,4,4,4,0,5,5,3,3,1,2,0,0,1,6,8,9,6,9,2,2,3,0,0,1,0,0,0,0,0,0,0,0,0,0,0,0,0,0,0,0,0,0,0,0,0,0,0,0,0,0,0,0,0,0,0,0,0,0,0,0,0,0,1,1,0,0,1,0,0,0,1,1,0,0,1,0,0
2003-03-12,207,3,6,12,10,6,2,0,1,10,5,15,16,9,5,1,6,8,3,10,5,4,4,0,6,5,2,2,1,2,0,0,1,6,8,9,8,9,2,2,3,0,0,0,0,0,0,0,0,0,0,0,0,0,0,0,0,0,0,0,0,0,0,0,0,0,1,0,0,0,0,0,0,0,0,0,0,0,0,0,0,1,0,1,2,0,0,0,1,1,0,1,2,0,0,0,1
2003-04-12,201,3,6,13,10,5,2,0,1,10,5,15,16,9,5,1,5,6,3,10,4,4,4,0,6,3,2,2,1,2,0,0,1,5,8,10,8,9,2,2,3,0,0,0,0,1,0,0,0,0,0,0,0,0,0,0,1,2,0,0,0,0,0,0,0,2,0,0,0,0,0,0,0,1,0,0,0,0,0,0,0,0,0,1,0,0,0,0,0,0,0,1,0,0,0,0,0
2003-05-12,200,3,6,14,7,4,2,0,1,10,5,15,18,9,5,1,5,6,3,11,4,4,5,0,6,3,2,2,1,1,0,0,1,5,8,9,9,8,2,2,3,0,0,0,0,0,0,0,0,0,0,0,1,1,0,0,0,1,0,0,0,0,0,0,0,0,0,0,0,0,0,0,0,0,0,0,0,2,0,0,0,1,0,1,0,0,1,0,0,1,0,1,0,0,1,0,0
2003-06-12,204,3,5,13,6,3,2,0,4,10,7,16,18,10,5,1,5,7,3,11,4,4,5,0,6,3,2,2,1,1,0,0,1,5,8,9,9,8,2,2,3,0,1,0,1,0,0,0,0,0,0,0,0,0,0,0,0,0,0,0,0,0,0,0,0,0,0,0,0,0,0,0,0,0,0,0,0,0,0,0,0,1,1,0,0,0,0,0,2,1,1,0,0,0,0,0,2
2003-07-12,205,3,5,13,6,4,2,0,3,10,7,16,18,10,5,1,5,8,3,11,4,2,4,0,6,3,2,2,1,1,0,0,1,6,8,11,9,8,2,2,3,0,0,0,0,0,0,0,1,0,0,0,0,0,0,0,0,0,0,0,0,0,0,0,0,0,0,0,0,0,0,0,0,0,0,0,0,0,0,0,0,1,0,0,0,1,0,0,0,1,0,0,0,1,0,0,0
2003-08-12,206,3,5,14,6,3,2,0,3,10,7,15,18,10,5,1,5,8,3,12,5,3,4,0,6,3,2,2,1,0,0,0,1,6,8,11,9,9,1,2,3,0,0,0,0,1,0,0,0,0,0,1,0,0,0,0,0,0,0,0,0,0,0,0,0,0,0,0,0,1,0,0,0,0,0,0,0,0,0,0,0,0,0,1,1,1,0,0,0,0,0,1,1,1,0,0,0
2003-09-12,207,4,5,14,6,3,2,0,3,10,7,15,17,10,5,1,5,8,3,12,4,3,5,0,6,3,2,2,1,0,0,0,1,7,8,12,9,8,1,2,3,0,0,1,1,0,0,0,0,0,0,0,1,0,0,0,0,1,0,0,0,0,0,0,0,0,0,0,0,0,0,0,0,0,0,0,0,1,0,0,0,1,0,1,1,0,1,0,0,1,0,1,1,0,1,0,0
2003-10-12,203,4,5,14,5,3,2,0,3,10,7,16,17,9,5,1,5,8,3,9,3,3,5,0,6,3,2,2,1,0,0,0,1,7,8,12,10,8,1,2,3,0,0,0,1,0,0,0,0,0,0,0,0,1,0,0,0,0,0,2,1,0,0,0,0,0,0,0,0,0,0,0,0,0,0,0,0,0,0,0,0,0,0,1,0,0,0,0,0,0,0,1,0,0,0,0,0
2003-11-12,206,4,5,15,6,3,2,0,3,10,7,16,16,9,5,1,5,8,3,10,3,3,4,1,6,3,2,1,1,0,0,0,1,7,8,13,11,8,1,2,3,0,0,1,0,0,0,0,0,0,0,0,1,0,0,0,0,0,0,0,0,0,0,0,0,0,0,0,0,0,0,0,0,0,0,0,0,0,0,0,0,0,0,2,1,0,0,1,0,0,0,2,1,0,0,1,0
2003-12-12,201,5,5,14,6,3,2,0,2,10,7,15,16,8,5,1,5,6,3,10,3,3,5,1,6,3,2,1,1,0,0,0,1,7,8,13,10,8,1,2,3,0,0,1,0,0,0,0,1,0,0,1,0,1,0,0,0,2,0,0,0,0,0,0,0,0,0,0,0,0,0,0,0,0,0,0,1,0,0,0,0,1,0,0,0,0,1,0,0,1,0,0,0,0,1,0,0
2004-01-12,207,4,5,19,6,3,2,0,2,10,7,15,16,8,5,1,4,6,2,11,4,3,5,1,6,3,2,1,1,0,0,0,1,8,8,14,10,8,1,2,3,1,0,0,0,0,0,0,0,0,0,0,0,0,0,0,1,0,0,0,0,0,0,0,0,0,0,0,0,0,0,0,0,0,0,0,0,0,0,0,0,0,0,3,1,0,0,0,0,0,0,3,1,0,0,0,0
2004-02-12,205,4,5,19,4,3,2,0,3,10,8,15,16,7,4,1,4,6,2,11,3,3,5,1,7,3,2,1,1,0,0,0,1,8,8,14,10,8,1,2,3,0,0,0,1,0,0,0,0,0,0,0,1,1,1,0,0,0,0,0,1,0,0,0,0,0,0,0,0,0,0,0,0,0,0,0,0,0,0,0,0,0,1,0,0,0,0,0,1,0,1,0,0,0,0,0,1
2004-03-12,205,4,5,19,4,4,2,0,2,9,8,14,16,7,4,1,4,5,4,11,3,4,5,1,5,3,2,1,1,0,0,0,1,8,8,14,11,9,1,2,3,0,0,0,0,0,0,0,1,1,0,1,0,0,0,0,0,0,0,0,0,0,0,0,1,0,0,0,0,0,0,0,0,0,0,0,0,0,0,0,0,0,2,0,0,1,0,0,0,0,2,0,0,1,0,0,0
2004-04-12,201,4,5,17,4,5,2,0,2,7,8,15,16,7,4,1,4,5,4,11,3,4,5,1,3,3,2,1,1,0,0,0,1,7,7,15,12,9,1,2,3,0,0,1,0,0,0,0,0,2,0,0,0,0,0,0,0,0,0,0,0,0,0,0,0,0,0,0,0,0,0,0,0,1,1,0,0,0,0,0,0,0,0,0,0,1,0,0,0,0,0,0,0,1,0,0,0
2004-05-12,202,4,5,16,4,5,2,0,2,7,8,15,17,7,4,1,4,5,4,11,4,4,4,1,3,3,2,1,1,0,0,0,1,7,7,15,13,9,1,2,3,0,0,1,0,0,0,0,0,0,0,0,0,0,0,0,0,0,0,0,0,0,0,0,0,0,0,0,0,0,0,0,0,0,0,0,0,0,0,0,0,0,0,0,1,0,0,0,0,0,0,0,1,0,0,0,0
2004-06-12,198,5,4,14,4,5,2,0,2,7,8,16,16,7,4,1,4,6,4,8,4,4,4,1,3,2,2,1,1,0,0,0,1,7,7,15,13,9,1,2,4,0,0,1,0,0,0,0,0,0,1,0,1,0,0,0,0,0,0,2,0,0,0,0,0,1,0,0,0,0,0,0,0,0,0,0,0,0,0,0,0,1,0,0,0,0,0,0,0,1,0,0,0,0,0,0,0
2004-07-12,195,5,4,13,4,5,2,0,2,7,8,16,16,7,4,1,4,4,4,8,6,4,4,1,3,2,2,0,1,0,0,0,1,6,7,14,13,10,1,2,4,0,0,1,0,0,0,0,0,0,0,0,0,0,0,0,0,1,0,0,0,0,0,0,0,0,0,1,0,0,0,0,0,1,0,1,0,0,0,0,0,0,0,0,1,0,0,0,0,0,0,0,1,0,0,0,0
2004-08-12,200,6,4,16,4,5,2,0,2,7,8,18,16,7,4,0,4,4,4,8,6,4,4,1,3,2,2,0,1,0,0,0,1,6,7,14,13,10,1,2,4,0,0,0,0,0,0,0,0,0,0,0,0,0,0,1,0,0,0,0,0,0,0,0,0,0,0,1,0,0,0,0,0,0,0,0,0,0,0,0,0,1,0,3,0,0,0,0,0,1,0,3,0,0,0,0,0
2004-09-12,201,4,4,17,5,5,1,0,3,9,8,18,16,7,5,0,4,3,4,8,6,4,4,1,2,2,2,0,1,0,0,0,1,6,7,15,12,10,1,2,4,0,0,0,0,0,0,0,0,0,0,0,0,0,0,0,0,1,0,0,0,0,0,0,0,0,0,0,0,0,0,0,0,0,0,0,1,0,0,0,0,0,0,1,1,0,0,0,1,0,0,1,1,0,0,0,1
2004-10-12,199,4,4,17,5,6,1,0,3,9,7,18,15,7,5,0,4,2,4,8,6,6,4,1,2,2,2,0,0,0,0,0,1,6,6,15,12,10,1,2,4,0,0,0,0,0,0,0,0,0,1,0,1,0,0,0,0,1,0,0,0,0,0,0,0,0,0,0,1,0,0,0,0,0,1,0,0,0,0,0,0,0,0,0,0,2,0,0,0,0,0,0,0,2,0,0,0
2004-11-12,198,6,4,16,5,4,0,0,3,9,7,18,15,9,6,0,4,2,3,7,6,6,4,1,3,2,2,0,0,0,0,0,1,6,6,15,12,10,1,2,3,0,0,1,0,0,0,0,0,0,0,0,0,0,0,0,0,0,0,1,0,0,0,0,0,0,0,0,0,0,0,0,0,0,0,0,1,0,0,0,1,1,0,0,0,0,0,0,1,1,0,0,0,0,0,0,1
2004-12-12,200,6,4,16,5,3,0,0,3,9,7,18,15,9,6,0,4,2,3,9,7,6,4,1,3,2,2,0,0,0,0,0,1,6,6,15,12,10,1,2,3,0,0,0,0,1,0,0,0,0,0,0,0,0,0,0,0,0,0,0,0,0,0,0,0,0,0,0,0,0,0,0,0,0,0,0,0,0,0,0,0,0,0,2,1,0,0,0,0,0,0,2,1,0,0,0,0
2005-01-12,202,6,4,18,5,3,0,0,3,9,7,18,15,8,6,0,4,2,3,10,7,4,4,1,3,2,2,0,0,0,0,0,1,6,7,15,12,10,1,2,4,0,0,0,0,0,0,0,0,0,0,0,0,1,0,0,0,0,0,0,0,0,0,0,0,0,0,0,0,0,0,0,0,0,0,1,0,0,0,0,0,0,0,2,0,0,0,0,0,0,0,1,0,0,0,0,0
2005-02-12,196,6,3,17,5,3,0,0,3,9,8,18,15,8,5,0,4,3,2,9,7,4,3,1,3,1,2,0,0,0,0,0,1,6,7,15,12,9,1,2,4,0,0,0,0,0,0,0,0,0,0,1,0,0,1,0,0,0,0,1,0,0,0,0,0,1,0,0,0,0,0,0,0,0,0,1,1,1,0,0,0,1,0,0,0,0,0,0,0,1,0,0,0,0,0,0,0
2005-03-12,194,7,3,18,4,4,0,0,3,9,8,17,15,8,5,0,4,2,2,9,6,4,3,0,2,1,2,0,0,0,0,0,1,7,7,16,11,9,1,2,4,0,0,0,0,0,0,0,0,0,0,1,1,0,0,0,0,1,0,0,0,0,0,1,0,0,0,0,0,0,0,0,0,0,0,0,1,0,0,0,0,1,0,1,0,1,0,0,0,1,0,1,0,1,0,0,0
2005-04-12,196,9,4,18,4,4,0,0,3,9,8,17,15,7,5,0,4,2,2,9,6,4,3,0,2,1,2,0,0,0,0,0,1,7,7,16,11,9,1,2,4,0,0,0,0,0,0,0,0,0,0,0,0,1,0,0,0,0,0,0,0,0,0,0,0,0,0,0,0,0,0,0,0,0,0,0,0,0,0,0,0,1,1,0,0,0,0,0,0,1,1,0,0,0,0,0,0
2005-05-12,200,9,4,18,4,5,0,0,3,9,8,18,15,7,5,0,4,1,2,10,6,4,3,0,2,1,2,0,0,0,0,0,1,8,7,16,11,10,1,2,4,0,0,0,0,0,0,0,0,0,0,0,0,0,0,0,0,0,0,0,0,0,0,0,0,0,0,0,0,0,0,0,0,0,0,0,0,1,0,0,0,0,0,2,0,1,1,0,0,0,0,2,0,1,1,0,0
2005-06-12,202,10,2,18,5,5,0,0,2,8,10,18,15,7,4,0,5,2,2,10,7,4,3,0,2,1,2,0,0,0,0,0,1,8,7,16,11,10,1,2,4,0,0,0,0,0,0,0,0,1,0,0,0,0,1,0,0,0,0,0,0,0,0,0,0,0,0,0,0,0,0,0,0,0,0,0,0,0,0,0,0,1,0,0,1,0,0,0,0,1,0,0,1,0,0,0,0
2005-07-12,202,10,2,18,5,5,0,0,2,8,9,18,15,7,4,0,5,2,4,9,8,4,3,0,4,1,2,0,0,0,0,0,0,8,7,15,11,9,1,2,4,0,0,0,0,0,0,0,0,0,1,0,0,0,0,0,0,0,0,1,0,0,0,0,0,0,0,0,0,0,0,0,1,0,0,1,0,1,0,0,0,0,1,0,1,0,0,0,1,0,1,0,1,0,0,0,1
2005-08-12,198,9,2,17,5,5,0,0,1,7,9,19,15,6,4,0,5,2,4,8,8,3,3,0,4,1,2,0,0,0,0,0,0,8,9,15,11,9,1,2,4,1,0,0,0,0,0,0,1,1,0,0,0,1,0,0,0,0,0,0,0,0,0,0,0,0,0,0,0,0,0,0,0,0,0,0,0,0,0,0,0,0,0,0,0,0,0,0,0,0,0,0,0,0,0,0,0
2005-09-12,198,8,2,18,4,5,0,0,1,8,8,19,16,6,3,0,5,2,4,9,8,3,2,0,4,1,2,1,0,0,0,0,0,7,9,16,11,9,1,2,4,0,0,0,0,1,0,0,0,0,1,1,0,0,1,0,0,0,0,0,0,0,0,0,0,0,0,0,0,0,0,0,0,1,0,0,0,0,0,0,0,0,0,2,0,1,0,0,0,0,0,1,0,1,0,0,0
2005-10-12,196,7,2,19,5,5,0,0,2,8,8,18,16,6,3,0,5,2,4,9,7,3,2,0,4,1,2,1,0,0,0,0,0,7,9,15,11,9,1,1,4,1,0,0,0,0,0,0,0,0,0,2,0,0,0,0,0,0,0,0,1,0,0,0,0,0,0,0,0,0,0,0,0,0,0,1,0,0,0,1,0,0,0,1,1,0,0,0,1,0,0,1,1,0,0,0,1
2005-11-12,194,7,2,17,4,5,0,0,2,8,8,20,17,6,3,0,5,2,4,8,7,3,2,0,4,1,2,1,0,0,0,0,0,8,9,13,11,9,1,1,4,0,0,0,0,0,0,0,0,0,0,0,0,0,0,0,0,0,0,0,0,0,0,0,0,0,0,0,0,0,0,0,0,0,0,2,0,0,0,0,0,0,0,0,0,0,0,0,0,0,0,0,0,0,0,0,0
2005-12-12,195,6,2,18,4,5,0,0,2,9,8,20,17,6,3,0,5,2,4,9,7,3,1,0,4,1,2,1,0,0,0,0,0,8,9,14,11,8,1,1,4,0,0,0,0,0,0,0,0,0,0,0,0,0,0,0,0,0,0,0,0,0,0,0,0,0,0,0,0,0,0,0,0,0,0,0,0,1,0,0,0,0,0,2,0,0,0,0,0,0,0,2,0,0,0,0,0
2006-01-12,194,6,2,15,3,5,0,0,2,9,8,22,16,6,3,0,5,2,5,8,5,3,3,0,4,1,2,1,0,0,0,0,0,8,10,14,12,8,1,1,4,0,0,0,1,0,0,0,0,0,0,1,1,0,0,0,0,0,0,0,1,0,0,0,0,0,0,0,0,0,0,0,0,0,0,0,0,0,0,0,0,0,1,0,0,0,1,0,0,0,1,0,0,0,1,0,0
2006-02-12,192,6,1,16,3,5,0,0,2,8,9,22,16,6,3,0,6,1,5,9,5,3,3,0,3,0,1,1,0,0,0,0,0,7,10,16,11,8,1,1,4,0,0,0,0,0,0,0,0,1,0,0,0,0,0,0,0,1,0,0,0,0,0,0,0,1,0,0,0,0,0,0,0,1,0,0,1,0,0,0,0,0,0,1,0,0,0,0,1,0,0,1,0,0,0,0,1
2006-03-12,190,6,1,18,3,4,0,0,2,7,9,22,15,7,3,0,5,1,3,9,5,2,3,0,3,0,1,1,0,0,0,0,0,7,10,16,12,8,2,1,4,0,0,0,0,0,0,0,0,1,0,0,1,0,0,0,1,0,0,0,0,0,0,0,0,0,0,0,0,0,0,0,0,0,0,0,1,0,0,0,0,0,0,1,0,0,0,0,0,0,0,1,0,0,0,0,0
2006-04-12,191,6,1,18,5,4,0,0,2,7,9,22,15,7,3,0,5,1,3,10,5,2,4,0,3,0,1,1,0,0,0,0,0,7,10,15,12,6,2,1,4,0,0,0,0,0,0,0,0,0,0,0,0,0,0,0,0,0,0,0,0,0,0,0,0,0,0,0,0,0,0,0,0,0,0,1,0,2,0,0,0,0,0,1,2,0,1,0,0,0,0,1,2,0,1,0,0
2006-05-12,198,6,1,20,5,4,1,0,3,7,9,22,16,7,3,0,5,1,3,11,5,2,4,0,3,0,1,1,0,0,0,0,0,7,10,16,12,6,2,1,4,0,0,0,0,0,0,0,0,0,0,0,0,0,0,0,0,0,0,0,0,0,0,0,0,0,0,0,0,0,0,0,0,0,0,0,0,0,0,0,0,0,0,3,1,0,1,0,1,0,0,3,1,0,1,0,1
2006-06-12,198,5,1,19,5,5,1,0,3,8,9,22,16,7,3,0,5,1,3,11,6,2,4,0,3,0,1,1,0,0,0,0,0,7,10,16,11,6,2,1,4,0,0,1,0,0,0,0,0,0,0,0,0,0,0,0,0,0,0,0,0,0,0,0,0,0,0,0,0,0,0,0,0,0,0,0,1,0,0,0,0,0,0,0,1,1,0,0,0,0,0,0,1,1,0,0,0
2006-07-12,199,6,2,19,6,5,1,0,3,8,9,21,15,7,3,0,5,2,3,11,4,2,4,0,3,0,1,1,0,0,0,0,0,7,11,16,11,6,2,1,4,0,0,0,0,0,0,0,0,0,0,1,1,0,0,0,0,0,0,0,0,0,0,0,0,0,0,0,0,0,0,0,0,0,0,1,0,0,0,0,0,1,1,0,1,0,0,0,0,1,1,0,1,0,0,0,0
2006-08-12,200,5,2,15,6,5,1,0,3,9,9,26,15,7,3,0,5,2,3,11,4,3,4,0,3,0,1,1,0,0,0,0,0,7,11,15,11,6,2,1,4,0,0,0,0,0,0,0,0,0,0,0,0,0,0,0,0,0,0,0,0,0,0,0,0,0,0,0,0,0,0,0,0,0,0,1,0,0,0,0,0,0,0,1,0,1,0,0,0,0,0,1,0,1,0,0,0
2006-09-12,201,5,2,13,5,7,1,0,3,9,9,26,15,7,3,0,5,2,3,12,4,4,4,0,3,0,1,1,0,0,0,0,0,7,11,15,11,6,2,1,4,0,0,2,0,0,0,0,0,0,0,1,1,0,0,0,0,0,0,0,0,0,0,0,0,0,0,0,0,0,0,0,0,0,0,0,0,0,0,0,0,0,0,2,0,2,0,0,0,0,0,2,0,1,0,0,0
2006-10-12,205,6,2,14,5,6,1,0,3,9,9,26,15,7,3,0,5,3,4,14,4,3,4,0,2,0,1,1,0,1,0,0,0,7,11,16,11,5,2,1,4,0,0,0,0,0,0,0,0,0,0,0,0,1,0,0,0,0,0,0,0,0,0,0,1,0,0,0,0,0,0,0,0,0,0,0,0,1,0,0,0,1,1,2,0,1,0,0,0,1,1,2,0,1,0,0,0
2006-11-12,206,5,4,14,6,6,1,0,3,10,9,24,15,7,3,0,5,3,3,14,4,3,4,0,2,0,1,1,0,1,0,0,0,8,11,16,11,5,2,1,4,0,0,0,0,0,0,0,0,0,0,2,0,0,0,0,0,0,1,1,0,0,0,0,0,0,0,0,0,0,0,0,0,0,0,0,0,0,0,0,0,0,2,1,1,0,0,0,1,0,2,1,1,0,0,0,1
2006-12-12,205,5,4,13,6,6,2,0,3,9,9,24,15,7,3,0,5,3,3,12,4,3,4,0,2,0,1,1,1,1,0,0,0,8,12,16,11,5,2,1,4,0,0,1,0,0,0,0,0,1,0,0,0,0,0,0,0,0,0,1,0,0,0,0,0,0,0,0,0,0,0,0,0,0,0,0,0,0,0,0,0,0,0,0,1,0,1,0,0,0,0,0,1,0,1,0,0
2007-01-12,201,5,4,12,6,7,2,0,2,8,9,24,15,7,3,0,5,3,3,11,3,4,4,0,2,0,1,1,1,1,0,0,0,8,12,14,11,5,2,2,4,0,0,0,0,0,0,0,1,1,0,1,0,0,0,0,0,0,0,0,1,0,0,0,0,0,0,0,0,0,0,0,0,0,0,2,0,0,0,0,0,0,0,0,0,1,0,0,0,0,0,0,0,1,0,0,0
2007-02-12,200,5,4,12,6,7,2,0,3,8,9,24,14,7,3,0,5,3,3,11,3,4,4,0,2,0,1,1,1,1,0,0,0,8,11,14,11,5,2,2,4,0,0,1,0,0,0,0,0,0,0,0,1,0,0,0,0,0,0,0,0,0,0,0,0,0,0,0,0,0,0,0,0,0,1,0,0,0,0,0,0,0,0,1,0,0,0,0,1,0,0,1,0,0,0,0,1
2007-03-12,204,4,4,12,6,7,2,0,4,9,9,25,14,8,3,0,5,3,3,11,3,4,4,0,3,0,1,1,1,1,0,0,0,8,11,14,11,5,2,2,4,0,0,0,0,0,0,0,0,0,0,0,0,0,0,0,0,0,0,0,0,0,0,0,0,0,0,0,0,0,0,0,0,0,0,0,0,0,0,0,0,0,0,1,0,1,0,0,1,0,0,1,0,1,0,0,1
2007-04-12,200,3,3,11,6,7,2,0,4,9,10,25,14,8,3,0,5,3,3,12,3,4,4,0,3,0,1,1,1,1,0,0,0,8,10,14,10,5,1,2,4,0,0,1,0,0,0,0,0,1,0,0,0,0,0,0,0,0,0,0,0,0,0,0,0,0,0,0,0,0,0,0,0,0,1,0,1,0,1,0,0,0,0,1,0,0,0,0,0,0,0,1,0,0,0,0,0
2007-05-12,202,3,3,11,6,7,2,0,4,9,9,26,14,9,3,0,5,2,4,12,3,4,3,0,3,0,1,2,1,1,0,0,0,8,10,14,10,5,1,2,5,0,0,0,0,0,0,0,0,0,1,0,0,0,0,0,0,1,0,0,0,0,0,0,0,0,0,0,0,0,0,0,0,0,0,1,0,0,0,0,0,0,1,2,0,1,0,0,0,0,1,2,0,1,0,0,0
2007-06-12,205,3,3,11,6,6,2,0,4,10,9,26,14,9,3,0,5,3,4,13,2,4,3,0,3,0,1,2,1,1,0,0,0,8,10,15,10,5,1,2,6,0,0,0,0,1,0,0,0,0,0,0,0,0,0,0,0,0,0,0,0,0,0,0,0,0,0,0,0,0,0,0,0,0,0,0,0,0,0,0,0,2,0,1,0,0,0,0,0,1,0,1,0,0,0,0,0
2007-07-12,211,3,4,11,6,6,2,0,4,10,9,26,14,9,3,0,5,3,5,14,2,6,4,0,2,0,1,2,1,1,0,0,0,9,9,16,10,5,1,2,6,0,0,0,0,0,0,0,0,0,0,0,0,0,0,0,0,0,0,0,0,0,0,0,0,0,0,0,0,0,0,0,0,0,1,0,0,0,0,0,0,0,2,1,0,2,1,0,0,0,2,1,0,2,1,0,0
2007-08-12,205,3,4,11,5,5,2,0,4,9,9,25,14,9,2,0,4,3,4,15,2,6,4,0,2,0,1,2,1,1,0,0,0,10,9,15,10,5,1,2,6,0,0,0,1,1,0,0,0,1,0,1,0,0,1,0,1,0,1,0,0,0,0,0,0,0,0,0,0,0,0,0,0,0,0,0,0,0,0,0,0,0,0,1,0,0,0,0,0,0,0,1,0,0,0,0,0
2007-09-12,203,3,4,11,5,4,2,0,3,8,9,25,14,10,2,0,4,3,4,14,2,6,4,0,2,0,1,2,1,1,0,0,0,12,9,14,10,5,1,2,6,0,0,0,0,0,0,0,1,1,0,1,0,0,0,0,0,0,0,0,0,0,0,0,0,0,0,0,0,0,0,0,0,0,0,1,0,0,0,0,0,0,0,1,0,0,0,0,0,0,0,1,0,0,0,0,0
2007-10-12,202,4,5,9,5,4,2,0,2,8,9,26,15,10,2,0,5,3,4,15,2,5,3,0,2,0,1,2,1,1,0,0,0,10,9,14,10,5,1,2,6,0,0,2,0,0,0,0,0,0,0,0,0,0,0,0,0,0,0,0,0,1,1,0,0,0,0,0,0,0,0,0,0,1,0,1,0,0,0,0,0,1,1,1,1,0,0,0,0,1,1,1,1,0,0,0,0
2007-11-12,196,4,4,9,5,4,2,0,2,8,9,25,14,9,2,0,5,3,4,15,2,5,3,0,2,0,1,2,1,1,0,0,0,10,8,13,10,5,1,2,6,0,1,0,0,0,0,0,0,0,0,1,1,1,0,0,0,0,0,0,0,0,0,0,0,0,0,0,0,0,0,0,0,0,1,1,0,0,0,0,0,0,0,0,0,0,0,0,0,0,0,0,0,0,0,0,0
2007-12-12,197,4,4,8,5,4,2,0,2,8,9,26,14,9,2,0,5,3,4,14,2,6,3,0,2,0,1,2,1,1,0,0,0,10,8,13,10,6,1,2,6,0,0,0,0,0,0,0,0,0,0,0,0,0,0,0,0,0,0,0,1,0,0,0,0,0,0,0,0,0,0,0,0,0,0,0,0,0,0,0,0,0,0,0,1,1,0,0,0,0,0,0,1,1,0,0,0
2008-01-12,200,4,4,11,6,4,3,0,2,7,9,26,14,9,2,0,5,3,3,14,3,6,3,0,2,0,1,2,1,1,0,0,0,10,8,12,10,7,1,2,5,0,0,0,0,0,0,0,0,1,0,0,0,0,0,0,0,0,0,0,0,0,0,0,0,0,0,0,0,0,0,0,0,0,0,1,1,0,0,0,1,0,0,2,2,0,1,0,0,0,0,2,1,0,1,0,0
2008-02-12,200,4,4,11,6,4,3,0,2,7,9,26,14,9,2,0,5,3,3,14,3,6,3,0,2,0,1,2,1,1,0,0,0,10,8,12,10,7,1,2,5,0,0,0,0,0,0,0,0,0,0,0,0,0,0,0,0,0,0,0,0,0,0,0,0,0,0,1,0,0,0,0,0,0,0,0,0,0,0,0,0,0,0,1,0,0,0,0,0,0,0,1,0,0,0,0,0
2008-03-12,201,4,4,10,6,4,3,0,3,7,9,27,13,9,2,0,5,2,3,15,4,6,3,0,2,0,1,2,1,1,0,0,0,10,8,12,10,7,1,2,5,0,0,0,0,0,0,0,0,0,0,0,1,0,0,0,0,1,0,0,0,0,0,0,0,0,0,0,0,0,0,0,0,0,0,0,0,0,0,0,0,0,0,1,1,0,0,0,1,0,0,1,1,0,0,0,1
2008-04-12,202,4,4,10,5,5,3,0,4,7,9,26,15,9,2,0,5,2,3,13,4,6,4,0,3,0,1,1,1,1,0,0,0,10,9,12,10,7,1,1,5,0,0,0,0,0,0,0,0,0,0,1,0,0,0,0,0,0,0,1,0,0,0,0,0,0,0,1,0,0,0,0,0,0,0,0,1,0,0,1,0,0,0,0,1,1,1,0,1,0,0,0,1,1,1,0,1
2008-05-12,198,4,5,11,5,5,2,0,3,7,9,24,13,9,2,0,6,2,2,14,4,6,4,0,3,0,1,1,1,1,0,0,0,9,9,12,10,7,1,1,5,0,0,0,0,0,0,0,0,0,0,2,2,0,1,0,0,0,1,0,0,0,0,0,0,0,0,0,0,0,0,0,0,1,0,0,0,0,0,0,0,0,1,2,0,0,0,0,0,0,1,2,0,0,0,0,0
2008-06-12,201,4,6,13,5,4,2,0,3,7,9,24,13,10,2,0,6,2,3,14,3,6,4,0,3,0,1,1,1,1,0,0,0,9,9,13,10,6,1,1,5,0,0,0,0,0,0,0,0,0,0,0,0,0,0,0,0,0,0,2,0,0,0,0,0,0,0,0,0,0,0,0,0,0,0,0,0,1,0,0,0,0,1,3,0,0,0,0,0,0,1,3,0,0,0,0,0
2008-07-12,201,3,5,14,4,5,1,0,3,8,10,23,14,10,2,0,6,1,3,14,3,6,4,0,3,0,1,1,1,1,0,0,0,9,9,15,10,5,1,1,5,0,0,0,0,0,1,0,0,0,0,1,0,0,0,0,0,0,0,0,0,0,0,0,0,0,0,0,0,0,0,0,0,0,0,0,0,0,0,0,0,0,0,1,0,1,0,0,0,0,0,1,0,1,0,0,0
2008-08-12,203,4,5,14,4,4,1,0,4,8,10,24,14,9,2,0,6,1,3,14,3,5,4,0,4,0,1,1,1,1,0,0,0,9,9,15,10,5,1,1,6,0,0,0,0,1,0,0,0,0,0,0,0,1,0,0,0,0,0,0,0,0,0,0,0,0,0,0,0,0,0,0,0,0,0,0,0,0,0,0,0,1,0,1,0,0,0,0,1,1,0,1,0,0,0,0,1
2008-09-12,203,4,5,14,4,6,1,0,4,8,10,24,14,9,2,0,6,0,3,14,3,3,4,0,4,0,1,1,1,1,0,0,0,9,9,17,10,4,1,1,6,0,0,0,0,0,0,0,0,0,0,0,0,0,0,0,0,1,0,0,0,1,0,0,0,0,0,0,0,0,0,0,0,0,0,0,0,0,0,0,0,0,0,0,0,2,0,0,0,0,0,0,0,1,0,0,0
2008-10-12,204,3,5,14,4,6,1,0,4,9,10,25,14,9,2,0,6,0,3,12,3,3,4,0,4,0,1,2,1,1,0,0,0,10,9,17,10,4,1,1,6,0,0,0,0,0,0,0,0,0,0,0,0,0,0,0,0,0,0,1,0,0,0,0,0,0,0,0,0,0,0,0,0,0,0,0,0,0,0,0,0,0,0,2,0,0,0,0,0,0,0,1,0,0,0,0,0
2008-11-12,206,3,4,16,3,6,1,0,4,9,10,25,15,9,2,0,6,0,3,13,3,3,4,0,3,0,1,3,1,1,0,0,0,10,9,18,10,4,1,1,5,0,0,0,0,0,0,0,0,0,1,0,0,0,0,0,0,0,0,0,0,0,0,0,0,0,0,0,0,0,0,0,0,0,0,0,0,0,0,0,1,0,0,4,0,0,0,0,0,0,0,3,0,0,0,0,0
2008-12-12,212,3,4,17,3,8,0,0,5,9,10,25,15,9,3,0,6,0,4,15,3,3,4,0,3,0,1,2,1,1,0,0,0,10,9,17,10,4,1,1,6,0,0,0,0,0,0,0,0,0,0,0,0,0,0,0,0,0,0,0,0,0,0,0,0,0,0,0,0,0,0,0,0,0,0,1,0,0,0,0,0,0,1,3,0,2,0,0,1,0,1,3,0,2,0,0,1
2009-01-12,210,3,4,17,3,8,0,0,5,9,10,25,14,9,3,0,6,0,4,14,3,2,4,0,3,0,1,2,1,1,0,0,0,10,9,18,10,4,1,1,6,0,0,0,0,0,0,0,0,0,0,0,1,0,0,0,0,0,0,1,0,0,0,0,0,0,0,0,0,0,0,0,0,0,0,0,0,0,0,0,0,0,0,0,0,0,0,0,0,0,0,0,0,0,0,0,0
2009-02-12,211,2,4,17,4,9,0,0,4,9,8,26,14,9,3,0,7,0,4,15,3,2,4,0,4,0,1,2,1,1,0,0,0,10,8,18,10,4,1,1,6,1,0,0,0,0,0,0,0,0,2,0,0,0,0,0,0,0,0,0,0,0,0,0,0,0,0,0,0,0,0,0,0,0,1,0,0,0,0,0,0,0,0,2,1,1,0,0,1,0,0,1,1,1,0,0,1
2009-03-12,210,2,4,18,4,9,0,0,3,9,8,25,14,10,3,0,7,0,4,16,3,2,4,0,3,0,1,2,1,1,0,0,0,9,8,19,10,3,1,1,6,0,0,0,0,0,0,0,1,0,0,2,0,0,0,0,0,0,0,0,0,0,0,0,0,0,0,0,0,0,0,0,0,1,0,0,0,1,0,0,0,0,0,2,0,1,0,0,0,0,0,2,0,1,0,0,0
2009-04-12,213,2,5,18,3,9,0,0,3,9,8,25,14,10,3,0,7,0,7,15,4,2,4,0,2,0,1,2,1,1,0,0,0,9,9,20,9,3,1,1,6,0,0,0,1,0,0,0,0,0,0,0,0,0,0,0,0,0,0,0,0,0,0,0,1,0,0,0,0,0,0,0,0,0,0,0,0,0,0,0,0,0,2,0,1,0,0,0,0,0,2,0,1,0,0,0,0
2009-05-12,213,2,5,17,3,7,0,0,3,9,8,26,14,11,3,0,7,0,7,14,4,3,4,0,2,0,1,3,1,1,0,0,0,9,9,20,9,3,1,1,6,0,0,0,0,1,0,0,0,0,0,0,0,0,0,0,0,0,0,0,0,0,0,0,0,0,0,0,0,0,0,0,0,0,0,0,0,0,0,0,0,0,0,0,0,1,0,0,0,0,0,0,0,1,0,0,0
2009-06-12,211,2,5,16,3,7,0,0,3,9,8,26,14,11,2,0,7,0,7,14,4,3,4,0,2,0,1,3,1,1,0,0,0,9,9,20,9,3,1,1,6,0,0,1,0,0,0,0,0,0,0,0,0,0,1,0,0,0,0,1,0,0,0,0,0,0,0,0,0,0,0,0,0,0,0,0,0,0,0,0,0,0,0,1,0,0,0,0,0,0,0,1,0,0,0,0,0
2009-07-12,216,2,4,17,4,7,0,0,3,9,9,26,14,11,2,0,7,0,6,15,4,2,3,0,2,0,1,3,1,1,0,0,0,9,9,23,10,4,1,1,6,0,0,1,0,0,0,0,0,0,0,0,0,0,0,0,0,0,0,0,0,0,0,0,0,0,0,0,0,0,0,0,0,0,0,0,0,0,0,0,0,0,1,3,1,0,0,0,0,0,1,3,1,0,0,0,0
2009-08-12,217,2,3,17,4,7,1,0,3,9,9,26,14,11,2,0,7,0,6,15,5,2,3,0,2,0,1,3,1,1,0,0,0,9,9,23,10,4,1,1,6,0,1,0,0,0,0,0,0,0,0,0,0,0,0,0,0,0,0,0,0,0,0,0,0,0,0,0,0,0,0,0,0,0,0,0,0,0,0,0,0,0,0,0,1,0,1,0,0,0,0,0,1,0,1,0,0
2009-09-12,216,2,3,16,5,8,1,0,3,9,9,27,14,11,2,0,7,0,7,12,5,2,3,0,1,0,1,4,1,1,0,0,0,9,9,22,10,4,1,1,6,0,0,0,0,0,0,0,0,0,0,0,0,0,0,0,0,0,0,2,1,0,0,0,1,0,0,0,0,0,0,0,0,0,0,1,0,0,0,0,0,0,1,0,1,1,0,0,0,0,1,0,1,1,0,0,0
2009-10-12,223,1,3,17,5,9,1,0,6,9,10,28,14,11,2,0,7,0,7,14,5,3,3,0,1,0,1,3,1,1,0,0,0,9,9,22,10,4,1,1,5,0,0,0,0,0,0,0,0,1,0,0,0,0,0,0,0,0,0,0,0,0,0,0,0,0,0,1,0,0,0,0,0,0,0,0,0,0,0,0,1,0,1,2,0,1,0,0,2,0,1,2,0,1,0,0,1
2009-11-12,223,1,3,17,5,9,1,0,6,9,10,28,14,11,2,0,7,0,7,14,5,3,3,0,1,0,1,3,1,1,0,0,0,9,9,22,10,4,1,1,5,0,0,0,0,0,0,0,0,0,0,0,0,0,0,0,0,0,0,0,0,0,0,0,0,0,0,0,0,0,0,0,0,0,0,0,0,0,0,0,0,0,0,0,0,0,0,0,0,0,0,0,0,0,0,0,0
2009-12-12,221,1,3,17,5,9,1,0,6,9,10,28,14,11,2,0,6,0,7,14,5,2,3,0,1,0,1,3,1,1,0,0,0,9,9,23,10,4,0,1,5,0,0,0,0,0,0,0,0,0,0,0,0,0,0,0,1,0,0,0,0,0,0,0,0,0,0,0,0,0,0,0,0,0,0,0,0,0,1,0,0,0,0,0,0,0,0,0,0,0,0,0,0,0,0,0,0
2010-01-12,227,1,3,20,3,9,1,0,6,9,10,30,15,11,2,0,5,0,7,15,5,2,2,0,2,0,1,3,1,1,0,0,0,9,9,24,11,4,0,1,5,0,0,1,1,0,0,0,0,0,0,0,0,0,0,0,1,0,0,0,0,0,0,0,0,0,0,0,0,0,0,0,0,0,0,0,0,0,0,0,0,0,0,6,1,0,0,0,1,0,0,4,1,0,0,0,1
2010-02-12,230,1,4,21,3,9,1,0,6,9,10,30,15,11,2,0,5,0,8,14,5,2,2,0,2,0,1,4,1,1,0,0,0,9,9,24,11,4,0,1,5,0,0,0,0,0,0,0,0,0,0,0,0,0,0,0,0,0,0,0,0,1,0,0,0,0,0,0,0,0,0,0,0,0,0,0,0,0,0,0,0,0,1,1,0,1,0,0,0,0,1,1,0,1,0,0,0
2010-03-12,227,1,4,20,3,9,1,0,7,9,10,29,15,11,2,0,5,0,8,13,4,2,2,0,3,0,1,5,1,0,0,0,0,8,9,23,11,4,0,1,6,0,0,1,0,0,0,0,0,0,0,1,0,0,0,0,0,0,0,0,0,0,0,0,0,0,0,0,0,1,0,0,0,1,0,1,0,0,0,0,0,0,0,0,0,0,0,0,1,0,0,0,0,0,0,0,1
2010-04-12,229,1,4,21,3,9,1,NA,6,9,10,28,15,11,2,NA,5,1,8,14,4,4,0,NA,3,0,1,5,1,0,1,NA,0,8,10,24,10,4,0,NA,6,0,0,1,0,0,0,NA,0,0,0,1,0,0,0,NA,1,0,0,0,0,0,0,NA,0,0,0,0,0,0,0,NA,0,0,0,0,1,0,0,NA,0,1,0,2,0,1,0,NA,0,1,0,2,0,1,0,NA,0
2010-05-12,228,1,4,20,3,11,1,NA,6,9,10,28,15,11,2,NA,5,1,8,14,4,4,0,NA,3,0,1,5,1,0,1,NA,0,8,9,24,9,4,0,NA,6,0,0,0,0,0,0,NA,0,0,0,1,0,0,0,NA,0,0,0,0,0,0,0,NA,0,0,0,0,0,0,0,NA,0,0,1,0,1,0,0,NA,0,0,0,0,0,1,0,NA,0,0,0,0,0,1,0,NA,0
2010-06-12,227,1,3,18,3,10,1,NA,5,9,10,30,14,11,2,NA,5,1,7,17,4,4,0,NA,3,0,1,6,1,0,1,NA,0,8,8,24,9,5,0,NA,6,0,0,1,0,1,0,NA,1,0,1,0,1,0,0,NA,0,0,0,1,0,0,0,NA,0,0,0,0,0,0,0,NA,0,1,1,0,0,0,0,NA,0,0,0,5,0,0,0,NA,0,0,0,5,0,0,0,NA,0
2010-07-12,228,2,3,18,4,8,1,NA,5,8,10,30,13,12,2,NA,5,2,7,17,5,4,0,NA,3,0,1,6,1,0,1,NA,0,8,8,24,9,5,0,NA,6,0,0,0,0,1,0,NA,0,1,0,0,1,0,0,NA,0,0,0,0,0,0,0,NA,0,0,0,0,0,0,0,NA,0,0,0,0,0,0,0,NA,0,1,0,0,1,0,0,NA,0,1,0,0,1,0,0,NA,0
2010-08-12,232,1,3,18,5,9,3,NA,4,9,10,31,13,11,2,NA,6,2,7,18,4,5,0,NA,3,0,1,6,1,0,1,NA,0,8,8,24,8,5,0,NA,6,0,0,0,0,0,0,NA,0,0,0,0,0,1,0,NA,0,0,0,0,1,0,0,NA,0,0,0,0,0,0,0,NA,0,0,0,0,1,0,0,NA,0,0,0,1,1,1,1,NA,0,0,0,1,1,1,1,NA,0
2010-09-12,230,2,3,18,5,8,3,NA,3,9,9,29,13,13,2,NA,5,3,6,19,4,6,0,NA,3,0,1,6,1,0,1,NA,0,7,8,24,8,5,0,NA,6,0,0,0,0,0,0,NA,1,0,1,2,0,0,0,NA,1,0,1,1,0,0,0,NA,0,0,0,0,0,0,0,NA,0,1,0,0,0,0,0,NA,0,1,0,2,0,1,0,NA,0,1,0,2,0,1,0,NA,0
2010-10-12,224,2,3,18,5,8,3,NA,3,9,9,27,13,13,2,NA,5,2,6,18,4,6,0,NA,3,0,1,6,1,0,1,NA,0,7,8,22,8,5,0,NA,6,0,0,1,0,0,0,NA,0,0,0,2,0,0,0,NA,0,1,0,0,0,0,0,NA,0,0,0,1,0,0,0,NA,0,0,0,2,0,0,0,NA,0,0,0,1,0,0,0,NA,0,0,0,1,0,0,0,NA,0
2010-11-12,222,2,4,16,6,8,3,NA,3,9,9,27,12,13,2,NA,5,2,7,16,4,6,0,NA,3,0,1,7,1,0,1,NA,0,6,9,21,8,5,0,NA,6,0,0,0,0,0,0,NA,0,0,0,2,1,0,0,NA,0,0,0,0,0,0,0,NA,0,0,0,0,0,0,0,NA,0,1,0,1,0,0,0,NA,0,0,1,0,1,0,0,NA,0,0,1,0,1,0,0,NA,0
2010-12-12,217,3,3,16,6,5,3,NA,3,9,9,26,12,15,2,NA,5,3,6,13,4,5,0,NA,3,0,1,7,1,0,1,NA,0,6,9,21,8,6,0,NA,6,0,1,1,0,1,0,NA,0,0,0,1,0,0,0,NA,0,0,0,3,0,1,0,NA,0,0,0,0,0,0,0,NA,0,0,0,0,0,0,0,NA,0,1,0,1,0,0,0,NA,0,1,0,1,0,0,0,NA,0
2011-01-12,217,3,3,16,6,6,3,NA,3,8,9,26,12,15,2,NA,5,3,6,13,4,5,0,NA,3,0,1,7,1,0,1,NA,0,6,9,21,8,6,0,NA,6,0,0,0,0,0,0,NA,0,1,0,0,0,0,0,NA,0,0,0,0,0,0,0,NA,0,0,0,0,0,0,0,NA,0,0,0,0,0,0,0,NA,0,0,0,0,0,1,0,NA,0,0,0,0,0,1,0,NA,0
2011-02-12,223,3,5,15,5,5,3,NA,3,8,9,27,13,16,2,NA,5,5,8,12,4,5,0,NA,2,0,1,7,1,0,1,NA,0,6,9,22,8,6,0,NA,7,0,0,0,0,0,0,NA,0,0,0,0,0,0,0,NA,0,0,0,0,0,0,0,NA,0,0,0,0,0,0,0,NA,0,0,0,0,0,0,0,NA,0,1,3,0,0,0,0,NA,0,1,3,0,0,0,0,NA,0
2011-03-12,226,3,6,15,5,5,4,NA,3,7,9,29,13,15,2,NA,5,5,9,11,4,6,1,NA,2,0,1,7,1,0,1,NA,0,6,9,23,8,5,0,NA,6,0,0,0,0,0,0,NA,0,1,0,0,0,1,0,NA,0,0,0,1,0,0,0,NA,0,0,0,0,0,0,0,NA,0,0,0,0,0,1,0,NA,0,0,1,2,0,1,1,NA,0,0,1,2,0,1,1,NA,0
2011-04-12,229,5,5,15,5,5,4,NA,3,7,10,29,13,15,2,NA,5,5,7,12,4,6,1,NA,2,0,1,7,1,0,1,NA,0,6,9,23,8,5,1,NA,7,0,0,1,0,0,0,NA,0,0,0,0,0,0,0,NA,0,0,0,1,0,0,0,NA,0,0,0,0,0,0,0,NA,0,0,0,0,0,0,0,NA,0,1,0,2,0,0,0,NA,0,1,0,1,0,0,0,NA,0
2011-05-12,231,5,5,15,7,5,4,NA,3,7,9,29,13,15,2,NA,5,5,7,12,4,8,1,NA,2,0,1,7,1,0,1,NA,0,6,9,22,8,5,1,NA,7,0,0,0,0,0,0,NA,0,0,1,0,0,0,0,NA,0,0,0,1,0,0,0,NA,0,0,0,0,0,0,0,NA,0,0,0,1,0,0,0,NA,0,0,0,1,1,1,0,NA,0,0,0,1,1,1,0,NA,0
2011-06-12,230,5,5,17,6,5,4,NA,3,7,8,26,13,15,2,NA,5,4,7,13,6,8,1,NA,2,0,1,7,1,0,1,NA,0,6,9,22,8,5,1,NA,7,0,0,0,1,0,0,NA,0,0,1,3,0,0,0,NA,0,1,1,1,0,0,0,NA,0,0,0,0,0,0,0,NA,0,0,0,0,0,0,0,NA,0,0,1,2,1,0,0,NA,0,0,1,2,1,0,0,NA,0
2011-07-12,230,5,5,16,6,5,4,NA,3,7,8,26,13,15,2,NA,5,4,6,12,6,8,1,NA,2,0,2,8,1,0,1,NA,0,6,9,22,8,6,1,NA,7,0,0,1,0,0,0,NA,0,0,0,0,0,0,0,NA,0,0,0,0,0,0,0,NA,0,0,0,0,0,0,0,NA,0,0,0,0,0,0,0,NA,0,0,0,1,0,0,0,NA,0,0,0,1,0,0,0,NA,0
2011-08-12,231,5,5,16,6,6,4,NA,3,7,7,26,12,14,3,NA,5,4,7,12,5,9,2,NA,2,0,2,8,1,0,1,NA,0,5,9,22,8,6,1,NA,8,0,0,0,0,0,0,NA,0,0,1,0,1,1,0,NA,0,0,0,0,0,0,0,NA,0,0,0,0,0,0,0,NA,0,1,0,0,0,0,0,NA,0,0,1,0,0,1,1,NA,0,0,1,0,0,1,1,NA,0
2011-09-12,228,5,5,13,4,6,4,NA,3,7,7,26,11,14,3,NA,4,4,6,13,4,12,2,NA,3,0,2,8,1,0,1,NA,0,5,9,22,8,7,1,NA,8,0,0,3,1,0,0,NA,0,0,0,0,2,0,0,NA,1,0,0,0,1,0,0,NA,0,0,0,0,0,0,0,NA,0,0,0,1,0,0,0,NA,0,0,0,1,1,2,0,NA,1,0,0,1,1,2,0,NA,1
2011-10-12,226,5,4,15,4,4,4,NA,1,7,8,26,11,15,3,NA,6,3,5,12,4,10,2,NA,4,0,2,8,1,0,1,NA,0,5,9,23,8,8,1,NA,7,0,0,0,0,1,0,NA,0,0,0,0,0,0,0,NA,0,1,1,0,0,1,0,NA,0,0,0,0,0,0,0,NA,0,0,0,0,0,0,0,NA,1,0,0,2,0,0,0,NA,1,0,0,2,0,0,0,NA,1
2011-11-12,223,5,4,16,4,3,4,NA,1,7,8,24,10,15,3,NA,5,3,5,14,4,10,2,NA,4,0,1,8,1,0,1,NA,0,5,9,23,8,8,1,NA,7,0,0,0,0,1,0,NA,0,0,0,2,1,0,0,NA,1,0,0,0,0,0,0,NA,0,0,1,0,0,0,0,NA,0,0,0,0,0,0,0,NA,0,0,0,2,0,0,0,NA,0,0,0,2,0,0,0,NA,0
2011-12-12,219,5,4,16,4,4,4,NA,1,7,8,24,10,14,2,NA,5,2,5,14,4,9,2,NA,3,0,1,8,1,0,1,NA,0,5,9,23,8,8,1,NA,7,0,0,0,0,0,0,NA,0,0,0,0,0,1,1,NA,0,1,0,0,0,1,0,NA,1,0,0,0,0,0,0,NA,0,0,0,0,0,0,0,NA,0,0,0,0,0,1,0,NA,0,0,0,0,0,1,0,NA,0
2012-01-12,220,5,4,11,6,4,4,NA,1,7,8,29,10,14,2,NA,5,2,5,12,4,9,2,NA,2,0,1,8,1,0,1,NA,0,5,9,24,8,9,1,NA,7,0,0,0,0,0,0,NA,0,0,0,0,0,0,0,NA,0,0,0,1,1,0,0,NA,0,0,0,0,0,0,0,NA,0,0,0,0,0,0,0,NA,0,0,0,0,2,0,0,NA,0,0,0,0,2,0,0,NA,0
2012-02-12,220,5,4,11,6,4,4,NA,2,7,8,29,10,14,2,NA,5,2,4,12,4,8,2,NA,3,0,1,8,1,0,1,NA,0,5,10,23,8,9,1,NA,7,0,0,0,0,0,0,NA,0,0,0,0,0,0,0,NA,0,0,0,0,0,0,0,NA,0,0,0,0,0,0,0,NA,0,0,0,1,1,0,0,NA,0,0,0,0,0,0,0,NA,1,0,0,0,0,0,0,NA,1
2012-03-12,220,7,4,12,6,5,4,NA,1,7,8,27,10,14,2,NA,6,2,5,9,4,8,2,NA,3,0,1,8,1,0,1,NA,0,5,10,23,8,9,1,NA,7,0,0,1,0,0,0,NA,0,0,0,2,0,0,0,NA,0,0,0,3,0,0,0,NA,0,0,0,0,0,0,0,NA,0,0,0,0,0,0,0,NA,0,2,1,1,0,1,0,NA,0,2,1,1,0,1,0,NA,0
2012-04-12,217,7,4,12,6,5,4,NA,1,7,8,28,10,13,2,NA,6,2,5,9,4,8,2,NA,3,0,1,8,1,0,1,NA,0,4,10,22,8,9,0,NA,7,0,0,0,0,0,0,NA,0,0,0,0,0,1,0,NA,0,0,0,0,0,0,0,NA,0,0,0,0,0,0,0,NA,0,1,0,1,0,0,1,NA,0,0,0,1,0,0,0,NA,0,0,0,1,0,0,0,NA,0
2012-05-12,213,7,4,12,6,5,4,NA,1,7,8,26,10,13,2,NA,6,2,5,8,4,7,2,NA,3,0,1,8,1,0,1,NA,0,4,10,22,8,9,0,NA,7,0,0,0,0,0,0,NA,0,0,0,2,0,0,0,NA,0,0,0,1,0,1,0,NA,0,0,0,0,0,0,0,NA,0,0,0,0,0,0,0,NA,0,0,0,0,0,0,0,NA,0,0,0,0,0,0,0,NA,0
2012-06-12,215,7,4,11,6,5,4,NA,2,7,8,26,10,13,2,NA,6,2,5,10,4,8,2,NA,3,0,1,8,1,0,1,NA,0,4,10,22,8,8,0,NA,7,0,0,0,0,0,0,NA,0,0,0,1,0,0,0,NA,0,0,0,0,0,0,0,NA,0,0,0,0,0,0,0,NA,0,0,0,0,0,1,0,NA,0,0,0,2,0,1,0,NA,1,0,0,2,0,1,0,NA,1
2012-07-12,219,6,4,12,6,5,4,NA,2,8,8,25,10,13,2,NA,6,1,6,14,4,8,2,NA,3,0,1,8,1,0,1,NA,0,4,10,22,7,9,0,NA,7,0,0,0,0,0,0,NA,0,0,0,1,1,0,0,NA,0,0,0,0,0,0,0,NA,0,0,0,0,0,0,0,NA,0,0,0,1,0,0,0,NA,0,0,1,3,1,0,0,NA,0,0,1,3,1,0,0,NA,0
2012-08-12,222,6,4,11,6,5,2,NA,2,8,8,26,10,14,4,NA,6,3,6,13,4,9,2,NA,3,0,1,9,1,0,1,NA,0,4,10,21,7,9,0,NA,7,0,0,0,0,0,0,NA,0,0,0,0,0,0,0,NA,0,0,0,0,0,0,0,NA,0,0,0,0,0,0,0,NA,0,0,0,1,0,0,0,NA,0,1,0,0,0,1,0,NA,0,1,0,0,0,1,0,NA,0
2012-09-12,225,5,4,10,8,5,2,NA,2,9,8,26,10,15,4,NA,6,4,5,13,4,10,2,NA,3,0,1,9,1,0,1,NA,0,4,10,21,7,9,0,NA,7,0,0,1,0,0,0,NA,0,0,0,0,0,0,0,NA,0,0,1,0,0,0,0,NA,0,0,0,0,0,0,0,NA,0,0,0,0,0,0,0,NA,0,1,0,0,1,1,0,NA,0,1,0,0,1,1,0,NA,0
2012-10-12,221,5,4,9,8,5,2,NA,2,9,7,24,10,15,4,NA,6,6,5,13,4,10,2,NA,3,0,1,9,1,0,1,NA,0,4,10,20,7,8,0,NA,7,0,0,1,0,0,0,NA,0,0,1,2,0,0,0,NA,0,0,0,0,0,0,0,NA,0,0,0,0,0,0,0,NA,0,0,0,1,0,1,0,NA,0,1,0,0,0,0,0,NA,0,1,0,0,0,0,0,NA,0
2012-11-12,219,5,3,10,7,5,2,NA,2,9,8,24,11,14,4,NA,6,6,5,13,4,10,2,NA,3,0,1,8,1,0,1,NA,0,4,10,20,6,8,0,NA,7,0,0,0,0,0,0,NA,0,0,0,0,0,1,0,NA,0,0,0,0,0,0,0,NA,0,0,0,1,0,0,0,NA,0,0,0,0,1,0,0,NA,0,0,0,1,0,0,0,NA,0,0,0,1,0,0,0,NA,0
2012-12-12,217,4,3,9,7,5,2,NA,2,9,8,24,11,13,4,NA,6,6,6,13,4,10,2,NA,5,0,1,8,1,0,1,NA,0,4,9,19,6,8,0,NA,7,0,0,0,0,0,0,NA,0,1,0,1,0,1,0,NA,0,0,0,0,0,0,0,NA,0,0,0,0,0,0,0,NA,0,0,1,1,0,0,0,NA,0,0,1,0,0,0,0,NA,1,0,1,0,0,0,0,NA,1
2013-01-12,220,5,3,9,7,6,2,NA,2,9,8,24,11,13,4,NA,6,7,7,13,5,9,2,NA,5,0,1,8,1,0,1,NA,0,4,9,19,6,7,0,NA,7,0,0,0,0,0,0,NA,0,0,0,0,0,0,0,NA,0,0,0,0,1,1,0,NA,0,0,0,0,0,0,0,NA,0,0,0,0,0,1,0,NA,0,1,1,0,1,1,0,NA,0,1,1,0,1,1,0,NA,0
2013-02-12,223,5,2,10,8,6,2,NA,2,9,9,24,11,13,4,NA,6,6,7,13,5,9,2,NA,6,0,1,8,1,0,1,NA,0,4,8,20,6,7,1,NA,7,0,0,0,0,0,0,NA,0,0,1,0,0,0,0,NA,0,0,0,1,0,0,0,NA,0,0,0,0,0,0,0,NA,0,0,1,0,0,0,0,NA,0,0,1,2,1,0,0,NA,1,0,1,2,1,0,0,NA,1
2013-03-12,226,5,1,10,8,7,1,NA,4,9,10,24,11,13,5,NA,5,6,7,16,5,8,1,NA,6,0,1,8,1,0,1,NA,0,4,9,20,5,6,2,NA,7,0,0,0,0,0,0,NA,0,0,0,0,0,0,0,NA,1,0,0,0,0,0,0,NA,0,0,0,0,0,0,0,NA,0,0,0,0,1,1,0,NA,0,0,0,3,0,1,0,NA,1,0,0,3,0,1,0,NA,1
2013-04-12,225,3,1,10,8,7,1,NA,4,11,10,25,11,13,5,NA,5,6,7,14,5,8,1,NA,6,0,1,8,1,0,1,NA,0,4,9,20,4,6,3,NA,7,0,0,0,0,0,0,NA,0,0,0,0,0,0,0,NA,0,0,0,2,0,0,0,NA,0,0,0,0,0,0,0,NA,0,0,0,0,1,0,0,NA,0,0,0,2,0,0,0,NA,0,0,0,2,0,0,0,NA,0
2013-05-12,225,3,1,10,6,7,1,NA,4,11,10,25,13,13,5,NA,4,6,7,13,7,6,1,NA,6,0,1,8,1,1,1,NA,0,4,10,20,4,6,3,NA,7,0,0,0,0,0,0,NA,0,0,0,0,0,0,0,NA,1,0,0,0,0,0,0,NA,0,0,0,0,0,0,0,NA,0,0,0,0,0,1,0,NA,0,0,0,0,1,0,0,NA,0,0,0,0,1,0,0,NA,0
2013-06-12,220,3,1,9,6,7,1,NA,4,11,9,26,13,12,4,NA,4,6,5,11,5,6,1,NA,6,0,1,7,1,1,1,NA,0,4,10,21,5,8,4,NA,7,0,0,0,0,0,0,NA,0,0,1,1,0,1,1,NA,0,0,1,0,0,0,0,NA,0,0,0,1,0,0,0,NA,0,0,0,0,0,0,0,NA,0,0,0,1,0,0,0,NA,0,0,0,1,0,0,0,NA,0
2013-07-12,225,3,1,12,6,7,2,NA,4,10,9,26,13,12,4,NA,4,5,5,12,7,6,2,NA,6,0,1,7,1,1,1,NA,0,4,10,21,4,8,4,NA,7,0,0,0,0,0,0,NA,0,1,0,0,0,0,0,NA,0,1,0,0,0,0,0,NA,0,0,0,0,0,0,0,NA,0,0,0,0,1,0,0,NA,0,0,0,2,1,0,1,NA,0,0,0,2,1,0,1,NA,0
2013-08-12,223,3,2,12,6,6,1,NA,4,10,9,26,13,13,5,NA,4,4,5,11,7,5,1,NA,6,0,1,6,1,1,2,NA,0,4,10,22,4,8,4,NA,7,0,0,0,0,0,0,NA,0,0,0,0,0,0,0,NA,0,1,1,1,0,0,0,NA,0,0,0,1,0,0,0,NA,0,0,0,0,0,0,0,NA,0,0,1,0,0,0,0,NA,0,0,1,0,0,0,0,NA,0
2013-09-12,220,3,2,12,6,8,1,NA,4,10,8,26,13,13,4,NA,4,4,4,10,6,3,1,NA,5,0,1,7,1,2,2,NA,0,4,10,23,3,9,4,NA,7,0,0,1,0,0,0,NA,0,0,1,0,0,0,1,NA,0,0,1,1,0,0,0,NA,0,0,0,0,0,0,0,NA,0,0,0,1,1,0,0,NA,0,0,0,2,0,1,0,NA,0,0,0,2,0,1,0,NA,0
2013-10-12,222,3,2,12,6,8,1,NA,4,10,8,26,13,13,4,NA,4,4,5,13,7,3,1,NA,4,0,1,6,1,2,2,NA,0,3,11,22,3,9,4,NA,7,0,0,1,0,0,0,NA,0,0,0,1,0,0,0,NA,0,0,0,0,0,0,0,NA,0,0,0,1,0,0,0,NA,0,1,0,1,0,0,0,NA,0,0,1,3,1,0,0,NA,0,0,1,3,1,0,0,NA,0
2013-11-12,223,3,2,12,8,8,1,NA,4,10,8,27,13,12,4,NA,4,4,5,12,7,3,1,NA,4,0,1,7,1,2,2,NA,0,2,11,22,3,9,4,NA,7,0,0,0,0,0,0,NA,0,0,0,0,0,1,0,NA,0,0,0,0,0,0,0,NA,0,0,0,0,0,0,0,NA,0,1,0,0,0,0,0,NA,0,0,0,1,1,0,0,NA,0,0,0,1,1,0,0,NA,0
2013-12-12,225,3,3,13,8,6,1,NA,4,10,8,26,13,13,4,NA,4,4,5,11,7,4,1,NA,6,0,1,7,1,2,2,NA,0,2,11,22,3,9,4,NA,7,0,0,0,0,1,0,NA,0,0,0,1,0,0,0,NA,0,0,0,1,0,1,0,NA,0,0,0,0,0,0,0,NA,0,0,0,0,0,0,0,NA,0,0,1,1,0,1,0,NA,1,0,1,1,0,1,0,NA,1
2014-01-12,226,3,3,14,6,6,1,NA,4,10,8,25,14,13,4,NA,4,5,5,12,7,4,1,NA,6,0,1,7,1,2,2,NA,0,2,11,22,3,9,4,NA,7,0,0,0,0,0,0,NA,0,0,0,1,1,0,0,NA,0,0,0,0,0,0,0,NA,0,0,0,0,0,0,0,NA,0,0,0,0,0,0,0,NA,0,1,0,2,0,0,0,NA,0,1,0,2,0,0,0,NA,0
2014-02-12,227,3,3,14,6,7,1,NA,3,10,8,25,14,13,4,NA,4,4,6,12,6,6,1,NA,5,0,1,7,1,2,2,NA,0,3,11,21,3,10,4,NA,7,0,0,0,0,0,0,NA,0,0,0,0,0,0,0,NA,1,1,0,0,1,0,0,NA,0,0,0,0,0,0,0,NA,0,0,0,0,0,0,0,NA,0,0,1,0,0,2,0,NA,0,0,1,0,0,2,0,NA,0
2014-03-12,222,2,3,14,5,6,1,NA,3,12,8,25,14,14,4,NA,4,4,5,11,6,6,1,NA,5,0,0,7,0,2,2,NA,0,3,10,21,4,10,3,NA,7,0,0,0,1,0,0,NA,0,0,0,2,0,0,0,NA,0,0,0,1,0,0,0,NA,0,0,1,0,1,0,0,NA,0,0,1,0,0,0,1,NA,0,1,0,1,0,0,0,NA,0,1,0,1,0,0,0,NA,0
2014-04-12,220,2,3,14,5,6,1,NA,3,12,8,25,14,13,4,NA,4,4,5,11,6,6,1,NA,5,0,0,6,0,2,2,NA,0,3,10,21,4,10,3,NA,7,0,0,0,0,0,0,NA,0,0,0,0,0,1,0,NA,0,0,0,0,0,0,0,NA,0,0,0,1,0,0,0,NA,0,0,0,0,0,0,0,NA,0,0,0,0,0,0,0,NA,0,0,0,0,0,0,0,NA,0
2014-05-12,219,1,3,14,5,5,1,NA,3,12,8,24,14,13,4,NA,4,6,5,11,6,6,1,NA,5,0,0,6,0,2,2,NA,0,3,10,21,4,10,3,NA,7,1,0,0,0,1,0,NA,0,0,0,1,0,0,0,NA,0,0,1,0,0,0,0,NA,0,0,0,0,0,0,0,NA,0,0,0,0,0,0,0,NA,0,1,1,0,0,0,0,NA,0,1,1,0,0,0,0,NA,0
2014-06-12,222,1,3,16,5,6,1,NA,2,12,8,24,14,13,4,NA,5,6,5,10,6,6,1,NA,4,0,0,6,0,3,2,NA,0,3,10,21,5,10,3,NA,7,0,0,0,0,0,0,NA,0,0,0,0,0,0,0,NA,0,0,0,0,0,0,0,NA,1,0,0,0,0,0,0,NA,0,0,0,0,0,0,0,NA,0,0,0,1,0,1,0,NA,0,0,0,1,0,1,0,NA,0
2014-07-12,221,1,3,15,5,5,2,NA,2,12,7,23,15,13,4,NA,5,6,4,8,7,6,1,NA,4,0,0,7,0,3,2,NA,0,4,10,21,5,11,3,NA,7,0,0,0,0,1,0,NA,0,0,1,2,0,0,0,NA,0,0,0,1,0,0,0,NA,0,0,0,0,0,0,0,NA,0,0,0,0,0,0,0,NA,0,0,0,1,1,0,1,NA,0,0,0,1,1,0,1,NA,0
2014-08-12,220,1,2,16,5,4,2,NA,2,12,7,23,14,14,4,NA,5,5,4,7,7,7,1,NA,4,1,0,7,0,3,2,NA,0,4,10,21,5,11,3,NA,7,0,1,0,0,0,0,NA,0,0,0,0,1,0,0,NA,0,0,0,1,0,0,0,NA,0,0,0,0,0,0,0,NA,0,0,0,1,0,0,0,NA,0,0,0,1,0,1,0,NA,0,0,0,1,0,1,0,NA,0
2014-09-12,222,1,2,16,3,5,2,NA,2,12,7,23,15,14,4,NA,5,6,4,8,7,8,1,NA,4,1,0,7,0,3,2,NA,0,4,10,20,5,11,3,NA,7,0,0,0,1,0,0,NA,0,0,0,0,0,0,0,NA,0,0,0,0,0,0,0,NA,0,0,0,0,0,0,0,NA,0,0,0,1,0,0,0,NA,0,1,0,1,0,1,0,NA,0,1,0,1,0,1,0,NA,0
2014-10-12,224,1,2,15,3,5,2,NA,3,12,7,22,15,14,4,NA,5,5,4,8,10,9,1,NA,4,1,0,6,0,3,2,NA,0,4,10,19,5,12,3,NA,8,0,0,1,0,0,0,NA,0,0,0,1,0,0,0,NA,0,0,0,0,0,0,0,NA,0,0,0,0,0,0,0,NA,0,0,0,1,0,0,0,NA,0,0,0,0,2,1,0,NA,1,0,0,0,1,1,0,NA,1
2014-11-12,216,1,2,15,2,5,2,NA,3,11,6,22,15,14,4,NA,5,3,4,8,10,8,1,NA,4,1,0,5,0,3,2,NA,0,4,10,19,4,12,3,NA,8,0,0,0,1,0,0,NA,0,1,1,0,0,0,0,NA,0,2,0,0,0,1,0,NA,0,0,0,1,0,0,0,NA,0,0,0,0,1,0,0,NA,0,0,0,0,0,0,0,NA,0,0,0,0,0,0,0,NA,0
2014-12-12,218,1,2,14,2,6,2,NA,3,10,6,22,15,14,4,NA,5,3,4,10,10,9,1,NA,2,0,0,5,0,3,2,NA,0,4,10,19,5,14,3,NA,8,0,0,1,0,0,0,NA,0,1,0,0,0,0,0,NA,0,0,0,0,0,0,0,NA,0,0,0,0,0,0,0,NA,0,0,0,0,0,0,0,NA,0,0,0,1,0,1,0,NA,0,0,0,1,0,1,0,NA,0
2015-01-12,224,1,2,18,2,8,2,NA,3,10,5,22,15,14,4,NA,5,2,4,11,8,9,1,NA,3,0,0,5,0,3,2,NA,0,4,10,19,6,15,3,NA,8,0,0,0,0,0,0,NA,0,0,1,0,0,0,0,NA,0,0,0,0,0,0,0,NA,0,0,0,0,0,0,0,NA,0,0,0,1,0,0,0,NA,0,0,0,4,0,1,0,NA,1,0,0,3,0,1,0,NA,1
2015-02-12,224,2,1,16,2,8,2,NA,4,10,6,23,15,14,4,NA,4,5,2,11,8,9,1,NA,2,0,0,4,0,3,2,NA,0,5,9,20,6,15,3,NA,8,0,0,1,0,0,0,NA,0,0,0,0,0,0,0,NA,1,0,1,0,0,0,0,NA,0,0,0,1,0,0,0,NA,0,0,1,0,0,0,1,NA,0,2,0,1,0,0,0,NA,1,1,0,1,0,0,0,NA,1
2015-03-12,221,2,1,16,3,7,3,NA,2,10,6,23,15,13,4,NA,6,4,2,11,8,9,1,NA,2,0,0,5,0,3,2,NA,0,5,8,18,6,15,3,NA,8,0,0,1,0,0,0,NA,0,0,0,0,0,2,0,NA,0,1,0,0,0,0,0,NA,0,0,0,0,0,0,0,NA,0,0,1,2,0,0,0,NA,0,0,0,2,1,0,1,NA,0,0,0,2,1,0,1,NA,0
2015-04-12,225,2,2,17,6,7,3,NA,2,10,6,23,15,13,4,NA,4,4,2,10,9,9,1,NA,2,0,0,5,0,3,2,NA,0,5,8,18,6,16,3,NA,8,0,0,0,0,0,0,NA,0,0,0,0,0,0,0,NA,2,0,0,1,0,0,0,NA,0,0,0,0,0,0,0,NA,0,0,0,0,0,0,0,NA,0,0,1,1,3,0,0,NA,0,0,1,1,1,0,0,NA,0
2015-05-12,226,2,2,17,6,7,3,NA,2,10,6,23,15,13,4,NA,4,5,2,10,8,11,1,NA,2,0,0,5,0,3,2,NA,0,5,9,17,6,15,3,NA,8,0,0,0,0,0,0,NA,0,0,0,0,0,0,0,NA,0,0,0,0,0,0,0,NA,0,0,0,0,0,0,0,NA,0,0,0,1,0,1,0,NA,0,1,0,0,0,1,0,NA,0,1,0,0,0,1,0,NA,0
2015-06-12,223,2,2,18,7,7,5,NA,2,10,6,23,14,13,4,NA,4,5,2,9,8,11,1,NA,2,0,0,5,0,3,2,NA,0,5,8,17,6,12,3,NA,7,0,0,0,0,0,0,NA,0,0,0,0,1,0,0,NA,0,0,0,2,0,0,0,NA,0,0,0,0,0,0,0,NA,0,0,1,0,0,3,0,NA,1,0,0,2,1,0,1,NA,0,0,0,2,1,0,1,NA,0
2015-07-12,226,2,3,17,7,8,4,NA,2,10,6,23,14,13,5,NA,4,5,3,8,7,12,0,NA,2,0,0,6,0,3,2,NA,0,7,8,18,6,12,3,NA,6,0,0,0,0,0,0,NA,0,0,0,2,0,0,0,NA,0,0,0,0,0,0,0,NA,0,0,0,0,0,0,0,NA,0,0,0,0,0,0,0,NA,1,0,1,1,1,1,0,NA,0,0,1,1,1,1,0,NA,0
2015-08-12,223,1,3,17,7,8,4,NA,2,9,6,23,14,13,5,NA,4,5,2,8,8,12,0,NA,2,0,0,6,0,3,2,NA,0,6,8,19,6,12,3,NA,5,1,0,0,0,0,0,NA,0,1,0,0,0,0,0,NA,0,2,0,0,0,0,0,NA,0,0,0,0,0,0,0,NA,0,1,0,0,0,0,0,NA,1,2,0,0,1,0,0,NA,0,1,0,0,1,0,0,NA,0
2015-09-12,217,1,3,17,6,5,5,NA,2,9,6,23,13,13,5,NA,4,5,2,8,7,12,0,NA,1,0,0,6,0,3,2,NA,0,6,8,19,6,12,3,NA,5,0,0,0,1,2,0,NA,0,0,0,0,1,1,0,NA,0,0,0,0,1,0,0,NA,1,0,0,0,0,0,0,NA,0,0,0,0,0,0,0,NA,0,0,0,0,0,0,1,NA,0,0,0,0,0,0,1,NA,0
2015-10-12,217,1,3,15,5,5,5,NA,2,9,6,25,13,12,4,NA,4,5,3,10,7,12,0,NA,1,0,0,6,0,3,2,NA,0,6,7,19,6,12,4,NA,5,0,0,0,1,0,0,NA,0,0,0,0,0,1,1,NA,0,0,0,1,0,0,0,NA,0,0,0,0,0,0,0,NA,0,0,1,0,0,0,0,NA,0,0,1,2,1,0,0,NA,0,0,1,2,1,0,0,NA,0
2015-11-12,212,1,3,13,4,5,5,NA,2,9,6,25,14,12,4,NA,4,5,3,11,7,12,0,NA,1,0,0,6,0,3,2,NA,0,6,7,17,5,11,4,NA,5,0,0,2,0,0,0,NA,0,0,0,1,0,0,0,NA,0,0,0,0,0,0,0,NA,0,0,0,0,0,0,0,NA,0,0,0,2,1,1,0,NA,0,0,0,1,0,0,0,NA,0,0,0,1,0,0,0,NA,0
2015-12-12,214,1,3,12,4,5,6,NA,2,9,6,26,14,12,4,NA,4,5,4,12,7,10,0,NA,0,0,0,6,0,4,2,NA,0,6,7,17,5,12,4,NA,5,0,0,0,0,0,0,NA,0,0,1,0,0,0,0,NA,0,0,0,0,0,1,0,NA,0,0,0,0,0,0,0,NA,0,0,0,0,0,0,0,NA,0,0,1,1,0,0,1,NA,0,0,1,1,0,0,1,NA,0
2016-01-12,213,2,3,13,4,3,6,NA,2,9,5,25,14,11,4,NA,4,5,4,14,7,10,0,NA,0,0,0,6,0,4,2,NA,0,6,7,18,5,11,4,NA,5,0,0,0,0,2,0,NA,0,0,1,2,0,1,0,NA,0,0,0,0,0,0,0,NA,0,0,0,0,0,0,0,NA,0,0,0,0,0,0,0,NA,0,1,0,3,0,0,0,NA,0,1,0,2,0,0,0,NA,0
2016-02-12,212,2,3,15,4,2,6,NA,2,9,5,25,13,11,4,NA,4,5,4,14,8,6,0,NA,0,0,0,6,0,5,2,NA,0,7,7,18,5,11,4,NA,5,0,0,0,0,0,0,NA,0,0,0,0,1,1,0,NA,0,1,0,0,0,2,0,NA,0,0,0,0,0,0,0,NA,0,0,0,0,0,0,0,NA,0,1,0,2,1,0,0,NA,0,1,0,2,1,0,0,NA,0
2016-03-12,214,2,3,15,4,2,6,NA,2,9,5,26,13,11,4,NA,4,5,4,15,8,6,0,NA,0,0,0,6,0,5,2,NA,0,7,7,18,5,11,4,NA,5,0,0,0,0,0,0,NA,0,0,0,0,0,0,0,NA,0,0,0,0,0,0,0,NA,0,0,0,0,0,0,0,NA,0,0,0,0,0,0,0,NA,0,0,0,2,0,0,0,NA,0,0,0,1,0,0,0,NA,0
2016-04-12,219,2,3,15,5,3,6,NA,5,7,5,26,13,11,4,NA,4,5,4,15,8,8,0,NA,0,0,0,6,0,5,2,NA,0,7,7,18,5,11,4,NA,5,0,0,0,0,0,0,NA,0,2,0,0,0,0,0,NA,0,0,0,0,1,0,0,NA,0,0,0,0,0,0,0,NA,0,0,0,0,0,0,0,NA,0,0,0,0,1,2,0,NA,2,0,0,0,1,2,0,NA,2
2016-05-12,220,2,3,16,5,3,6,NA,5,7,5,26,13,11,4,NA,3,5,3,17,7,8,0,NA,0,0,0,6,0,5,2,NA,0,7,7,19,5,12,3,NA,5,0,0,0,0,0,0,NA,0,0,0,0,0,0,0,NA,1,0,0,0,1,0,0,NA,0,0,0,0,0,0,0,NA,0,0,0,0,0,0,0,NA,0,0,0,3,0,0,0,NA,0,0,0,2,0,0,0,NA,0
2016-06-12,220,2,3,15,5,3,6,NA,5,6,5,25,13,10,4,NA,3,5,3,19,8,8,0,NA,0,0,0,6,0,5,2,NA,0,7,7,19,6,12,3,NA,5,0,0,0,0,0,0,NA,0,1,0,2,0,2,0,NA,0,0,0,0,0,0,0,NA,0,0,0,0,0,0,0,NA,0,0,0,0,0,0,0,NA,0,0,0,1,1,1,0,NA,0,0,0,1,1,1,0,NA,0
2016-07-12,221,4,3,15,4,4,5,NA,5,6,5,25,14,10,5,NA,3,4,3,17,7,8,0,NA,0,0,0,6,0,5,2,NA,0,7,8,19,7,12,3,NA,5,0,0,0,0,0,0,NA,0,0,0,0,0,0,0,NA,0,1,0,1,0,0,0,NA,0,0,0,0,0,0,0,NA,0,0,0,0,0,0,0,NA,0,1,0,0,0,1,0,NA,0,1,0,0,0,1,0,NA,0
2016-08-12,224,4,3,16,5,4,5,NA,5,6,5,25,14,10,5,NA,3,5,3,18,7,5,0,NA,0,0,0,6,0,5,2,NA,0,8,8,19,7,12,4,NA,5,0,0,2,0,0,0,NA,0,0,0,1,0,0,0,NA,0,0,0,1,0,1,0,NA,0,0,0,0,0,0,0,NA,0,0,0,0,0,0,0,NA,0,1,0,5,1,0,0,NA,0,1,0,3,1,0,0,NA,0
2016-09-12,220,3,3,16,5,4,5,NA,5,6,5,25,13,10,4,NA,3,4,3,17,7,5,0,NA,0,0,0,6,0,5,2,NA,0,9,8,19,7,12,4,NA,5,1,0,0,0,0,0,NA,0,0,0,0,1,0,1,NA,0,0,0,1,0,0,0,NA,0,0,0,0,0,0,0,NA,0,0,0,0,0,0,0,NA,0,0,0,0,0,0,0,NA,0,0,0,0,0,0,0,NA,0
2016-10-12,214,3,3,16,5,4,5,NA,4,6,5,24,13,9,4,NA,4,4,3,17,6,4,0,NA,0,0,0,6,1,5,2,NA,0,9,8,17,7,11,4,NA,5,0,0,0,0,0,0,NA,0,0,0,1,0,1,0,NA,0,0,0,0,0,1,0,NA,0,0,0,0,0,0,0,NA,0,0,0,1,0,1,1,NA,0,0,0,0,0,0,0,NA,0,0,0,0,0,0,0,NA,0
2016-11-12,214,3,3,16,5,5,5,NA,4,5,5,24,13,9,4,NA,4,4,3,18,6,4,1,NA,0,0,0,6,1,5,2,NA,0,8,8,16,7,11,4,NA,5,0,0,0,0,0,0,NA,0,1,0,0,0,0,0,NA,0,0,0,0,0,0,0,NA,0,0,0,0,0,0,0,NA,0,1,0,1,0,0,0,NA,0,0,0,1,0,1,1,NA,0,0,0,1,0,1,1,NA,0
2016-12-12,214,3,3,16,5,4,5,NA,4,5,5,24,13,10,4,NA,4,4,3,17,6,4,1,NA,0,0,0,6,1,5,2,NA,0,9,8,14,8,11,4,NA,6,0,0,0,0,0,0,NA,0,0,0,0,0,0,0,NA,0,0,0,0,0,0,0,NA,0,0,0,0,0,0,0,NA,0,0,0,1,0,0,0,NA,0,0,0,1,0,0,0,NA,0,0,0,1,0,0,0,NA,0
2017-01-12,217,3,3,14,7,4,5,NA,4,5,5,26,13,9,4,NA,4,4,3,18,6,5,1,NA,0,0,0,6,1,5,2,NA,0,9,8,14,8,11,4,NA,6,0,0,0,0,1,0,NA,0,0,0,1,0,1,0,NA,0,0,0,0,0,0,0,NA,0,0,0,0,0,0,0,NA,0,0,0,0,0,0,0,NA,0,0,0,2,1,1,0,NA,0,0,0,2,1,1,0,NA,0
2017-02-12,219,3,3,13,7,4,6,NA,3,6,5,26,13,9,4,NA,5,4,3,18,6,5,2,NA,0,0,0,6,1,5,2,NA,0,9,7,15,8,11,4,NA,6,0,0,1,0,0,0,NA,0,0,0,0,0,0,0,NA,0,0,0,1,0,0,0,NA,0,0,0,0,0,0,0,NA,0,0,1,0,0,0,0,NA,0,1,0,1,0,0,1,NA,0,1,0,1,0,0,1,NA,0
2017-03-12,217,2,3,13,7,3,5,NA,3,6,5,26,13,9,5,NA,5,4,3,18,5,5,2,NA,0,0,0,6,1,5,2,NA,0,9,7,15,9,11,4,NA,6,1,0,1,0,1,0,NA,0,0,0,0,0,0,0,NA,0,0,0,0,1,0,0,NA,0,0,0,0,0,0,0,NA,0,0,0,0,0,0,0,NA,0,0,0,2,0,0,0,NA,0,0,0,2,0,0,0,NA,0
2017-04-12,220,2,3,14,6,3,5,NA,3,5,6,26,14,8,5,NA,5,3,4,18,6,6,2,NA,2,0,0,4,1,5,2,NA,0,9,7,15,10,11,4,NA,6,0,0,0,0,0,0,NA,0,1,0,0,1,1,0,NA,0,1,0,0,0,0,0,NA,0,0,0,2,0,0,0,NA,0,0,0,0,0,0,0,NA,0,0,1,2,1,1,0,NA,1,0,1,2,1,1,0,NA,1
2017-05-12,223,2,3,16,6,3,5,NA,3,5,6,26,14,8,5,NA,5,2,4,20,6,4,2,NA,2,0,0,4,1,5,2,NA,0,9,7,15,10,12,4,NA,7,0,0,0,0,0,0,NA,0,0,0,0,0,0,0,NA,0,0,0,0,0,0,0,NA,0,0,0,0,0,0,0,NA,0,0,0,0,0,0,0,NA,1,0,0,2,0,0,0,NA,0,0,0,2,0,0,0,NA,0
2017-06-12,226,2,3,14,5,3,3,NA,3,5,6,27,15,8,7,NA,5,2,6,20,6,6,2,NA,2,0,0,4,1,5,2,NA,0,9,7,15,10,12,4,NA,7,0,0,1,0,0,0,NA,0,0,0,0,0,0,0,NA,0,0,0,0,0,0,0,NA,0,0,0,0,0,0,0,NA,0,0,0,0,0,0,0,NA,0,0,1,0,0,1,0,NA,0,0,1,0,0,1,0,NA,0
2017-07-12,229,3,2,14,5,2,3,NA,3,5,7,28,15,8,7,NA,5,3,5,22,5,6,1,NA,2,0,0,4,1,5,2,NA,0,9,7,15,11,12,5,NA,7,0,0,1,0,1,0,NA,0,0,0,0,0,0,0,NA,0,0,0,0,0,0,1,NA,0,0,0,0,0,0,0,NA,0,0,0,0,0,0,0,NA,0,1,0,3,0,0,0,NA,0,1,0,3,0,0,0,NA,0
2017-08-12,228,3,2,13,5,2,3,NA,3,5,7,28,15,8,7,NA,5,3,5,22,5,6,1,NA,2,0,0,4,1,5,2,NA,0,9,7,15,11,12,5,NA,7,0,0,1,0,0,0,NA,0,0,0,0,0,0,0,NA,0,0,0,0,0,0,0,NA,0,0,0,0,0,0,0,NA,0,0,0,0,0,0,0,NA,0,0,0,0,0,0,0,NA,0,0,0,0,0,0,0,NA,0
2017-09-12,227,3,2,12,5,2,2,NA,3,5,6,28,15,8,8,NA,5,3,5,22,5,6,1,NA,3,0,0,4,1,5,2,NA,0,9,7,15,11,12,5,NA,7,0,0,1,0,0,0,NA,0,0,1,0,0,0,0,NA,0,0,0,0,0,0,0,NA,0,0,0,0,0,0,0,NA,0,0,0,0,0,0,0,NA,0,0,0,0,0,0,0,NA,1,0,0,0,0,0,0,NA,1
2017-10-12,227,3,1,15,6,2,2,NA,3,5,6,27,14,8,8,NA,4,3,4,21,4,6,1,NA,3,0,0,4,1,5,1,NA,0,10,8,15,12,13,5,NA,7,0,1,0,0,0,0,NA,0,0,0,1,1,0,0,NA,1,0,0,0,0,0,0,NA,0,0,0,0,0,0,1,NA,0,0,0,0,0,0,0,NA,0,0,0,3,1,0,0,NA,0,0,0,3,1,0,0,NA,0
2017-11-12,226,2,1,13,6,3,2,NA,3,5,6,27,14,8,8,NA,4,3,4,21,5,6,1,NA,3,0,0,4,1,5,1,NA,0,10,8,14,12,13,5,NA,8,1,0,2,0,0,0,NA,0,0,0,0,0,0,0,NA,0,0,0,1,0,0,0,NA,0,0,0,0,0,0,0,NA,0,0,0,1,0,0,0,NA,0,0,0,1,1,1,0,NA,0,0,0,1,1,1,0,NA,0
2017-12-12,226,2,0,13,6,3,1,NA,3,5,7,26,14,8,9,NA,4,3,3,21,5,6,2,NA,3,0,0,4,1,4,1,NA,0,10,8,14,12,14,5,NA,9,0,0,0,0,0,0,NA,0,0,0,1,0,0,0,NA,0,0,0,1,0,0,0,NA,0,0,0,0,0,1,0,NA,0,0,0,0,0,0,0,NA,0,0,0,1,0,0,1,NA,0,0,0,1,0,0,1,NA,0
2018-01-12,228,2,0,14,6,5,1,NA,3,5,7,27,14,8,9,NA,4,2,3,19,5,7,2,NA,3,0,0,5,1,4,1,NA,0,10,8,13,12,14,5,NA,9,0,0,0,0,0,0,NA,0,0,0,0,0,0,0,NA,0,1,0,1,0,0,0,NA,0,0,0,0,0,0,0,NA,0,0,0,1,0,0,0,NA,0,0,0,2,0,2,0,NA,0,0,0,2,0,1,0,NA,0
2018-02-12,227,2,0,12,8,5,2,NA,3,5,7,28,14,8,9,NA,4,1,3,18,4,7,2,NA,3,0,0,5,1,4,1,NA,0,10,9,12,12,13,6,NA,9,0,0,0,0,0,0,NA,0,0,0,1,0,0,0,NA,0,0,0,1,0,0,0,NA,0,0,0,0,0,0,0,NA,0,0,0,1,0,1,0,NA,0,0,0,0,1,0,1,NA,0,0,0,0,1,0,1,NA,0
2018-03-12,232,3,1,15,9,5,2,NA,2,5,7,27,14,8,9,NA,4,2,4,18,4,8,2,NA,2,0,0,5,1,4,1,NA,0,10,9,12,12,13,5,NA,9,0,0,0,0,0,0,NA,1,0,0,1,0,0,0,NA,0,0,0,0,1,0,0,NA,1,0,0,0,0,0,0,NA,0,0,0,0,0,0,1,NA,0,1,1,2,2,1,0,NA,0,1,1,2,1,1,0,NA,0
2018-04-12,232,2,1,15,8,5,4,NA,0,5,7,27,15,8,9,NA,6,3,3,18,3,7,2,NA,2,0,0,5,1,4,1,NA,0,10,10,11,13,13,5,NA,9,1,0,0,0,0,0,NA,0,0,0,0,0,0,0,NA,0,1,1,0,0,0,0,NA,0,0,0,0,0,0,0,NA,0,0,0,1,0,0,0,NA,0,1,0,0,0,0,1,NA,0,1,0,0,0,0,1,NA,0
2018-05-12,228,2,1,14,9,5,4,NA,0,5,7,27,14,7,9,NA,6,3,3,16,3,7,2,NA,2,0,0,5,1,4,1,NA,0,10,10,11,14,11,5,NA,10,0,0,0,0,0,0,NA,0,0,0,1,1,1,0,NA,0,0,0,0,0,0,0,NA,0,0,0,0,0,0,0,NA,0,0,0,0,0,2,0,NA,0,0,0,0,1,0,0,NA,0,0,0,0,1,0,0,NA,0
2018-06-12,229,2,1,14,9,4,4,NA,1,5,7,27,14,8,9,NA,6,3,3,15,2,6,2,NA,2,0,0,5,1,4,1,NA,0,11,10,12,14,12,5,NA,10,0,0,0,0,0,0,NA,0,0,0,0,0,0,0,NA,0,0,0,0,0,0,0,NA,0,0,0,0,0,0,0,NA,0,0,0,0,1,0,0,NA,0,0,0,1,0,0,0,NA,1,0,0,1,0,0,0,NA,1
2018-07-12,228,2,1,15,10,4,4,NA,1,5,6,27,13,8,9,NA,6,3,3,16,3,5,2,NA,2,0,0,5,1,4,1,NA,0,11,10,12,14,11,5,NA,9,0,0,0,0,0,0,NA,0,0,1,0,1,0,0,NA,0,0,0,1,0,1,0,NA,0,0,0,0,0,0,0,NA,0,0,0,0,0,1,0,NA,1,0,0,3,1,0,0,NA,0,0,0,3,1,0,0,NA,0
2018-08-12,231,2,1,15,9,4,4,NA,1,5,6,27,14,8,9,NA,6,3,3,16,3,5,2,NA,3,0,0,5,1,4,1,NA,0,11,10,11,16,11,5,NA,10,0,0,0,0,0,0,NA,0,0,0,0,0,0,0,NA,0,0,0,1,0,0,0,NA,0,0,0,0,0,0,0,NA,0,0,0,0,0,0,0,NA,0,0,0,3,0,0,0,NA,1,0,0,3,0,0,0,NA,1
2018-09-12,231,2,1,15,10,6,4,NA,1,5,6,27,14,8,9,NA,6,3,2,15,3,6,2,NA,3,0,0,5,1,4,1,NA,0,10,10,10,16,11,5,NA,10,0,0,0,0,0,0,NA,0,0,0,0,0,0,0,NA,0,0,1,1,0,0,0,NA,0,0,0,0,0,0,0,NA,0,1,0,1,0,0,0,NA,0,0,0,0,1,2,0,NA,0,0,0,0,1,1,0,NA,0
2018-10-12,229,2,1,15,10,6,4,NA,1,5,6,27,14,7,9,NA,6,3,2,14,3,6,2,NA,4,0,0,5,1,4,1,NA,0,10,10,9,16,11,5,NA,10,0,0,0,0,0,0,NA,0,0,0,0,0,1,0,NA,0,0,0,1,0,0,0,NA,0,0,0,0,0,0,0,NA,0,0,0,1,0,0,0,NA,0,0,0,0,0,0,0,NA,1,0,0,0,0,0,0,NA,1
2018-11-12,234,4,1,17,10,5,4,NA,1,4,6,27,14,8,9,NA,6,3,2,16,3,6,2,NA,4,0,0,5,1,4,1,NA,0,10,10,9,16,11,5,NA,10,0,0,0,0,0,0,NA,0,1,0,0,0,0,0,NA,0,0,0,0,0,0,0,NA,0,0,0,0,0,0,0,NA,0,0,0,0,0,0,0,NA,0,1,0,2,0,0,0,NA,0,1,0,2,0,0,0,NA,0
2018-12-12,233,4,1,16,10,5,4,NA,1,4,6,26,14,8,9,NA,6,3,2,16,3,6,3,NA,4,0,0,5,1,4,1,NA,0,10,10,10,16,11,5,NA,9,0,0,1,0,0,0,NA,0,0,0,1,0,0,0,NA,0,0,0,0,0,0,0,NA,0,0,0,0,0,0,0,NA,0,0,0,0,0,0,0,NA,0,0,0,0,0,0,1,NA,0,0,0,0,0,0,1,NA,0
2019-01-12,239,5,1,15,8,7,4,NA,1,4,6,27,15,8,9,NA,6,4,3,17,3,5,4,NA,4,0,0,5,1,4,1,NA,0,10,10,11,16,12,4,NA,9,0,0,0,0,0,1,NA,0,0,0,0,1,0,0,NA,0,0,0,0,0,0,0,NA,0,0,0,0,0,0,0,NA,0,0,0,0,0,0,1,NA,0,1,1,1,0,1,2,NA,0,1,1,1,0,1,1,NA,0
2019-02-12,237,5,2,16,8,7,3,NA,1,5,6,27,15,7,10,NA,5,4,4,16,3,5,3,NA,4,0,0,5,1,4,2,NA,0,8,9,11,16,12,4,NA,9,0,0,0,0,0,0,NA,0,0,0,0,0,1,0,NA,1,1,0,0,0,0,0,NA,0,0,0,1,0,0,0,NA,0,2,1,0,0,0,0,NA,0,1,2,1,0,0,0,NA,0,1,2,1,0,0,0,NA,0
2019-03-12,241,5,2,16,8,8,3,NA,1,5,6,28,14,7,10,NA,5,4,4,17,3,6,3,NA,4,0,0,5,1,4,2,NA,0,8,9,11,17,12,4,NA,9,0,0,0,0,0,0,NA,0,0,0,0,1,0,0,NA,0,0,0,0,0,0,0,NA,0,0,0,0,0,0,0,NA,0,0,0,0,0,0,0,NA,0,0,0,3,0,1,0,NA,0,0,0,2,0,1,0,NA,0
2019-04-12,242,5,3,16,7,9,3,NA,1,5,6,28,14,7,10,NA,5,4,4,15,4,6,3,NA,3,0,0,6,1,4,2,NA,0,8,9,12,17,12,4,NA,9,0,0,0,0,0,0,NA,0,0,0,1,1,0,0,NA,0,0,0,2,0,0,0,NA,0,0,0,0,0,0,0,NA,0,0,0,0,0,0,0,NA,0,0,1,2,1,1,0,NA,0,0,1,1,1,1,0,NA,0
2019-05-12,244,5,3,17,8,9,3,NA,1,5,6,28,13,6,10,NA,5,4,4,16,4,6,3,NA,3,0,0,7,1,4,2,NA,0,8,9,12,17,12,4,NA,9,0,0,0,0,0,0,NA,0,0,0,0,1,1,0,NA,0,0,0,0,0,0,0,NA,0,0,0,0,0,0,0,NA,0,0,0,0,0,0,0,NA,0,0,0,2,1,0,0,NA,0,0,0,1,1,0,0,NA,0
2019-06-12,239,5,3,15,8,9,4,NA,1,5,6,26,13,6,10,NA,4,4,3,16,4,4,5,NA,3,0,0,7,1,4,2,NA,0,7,9,12,18,12,4,NA,9,0,0,2,0,0,0,NA,0,0,0,2,0,0,0,NA,1,0,0,0,0,0,0,NA,0,0,0,0,0,0,0,NA,0,1,0,1,0,0,1,NA,0,0,0,0,0,0,2,NA,0,0,0,0,0,0,2,NA,0
2019-07-12,238,5,3,15,8,9,4,NA,1,5,6,27,13,6,10,NA,4,4,2,15,4,4,5,NA,3,0,0,7,1,4,2,NA,0,7,9,12,18,12,4,NA,9,0,0,0,0,1,0,NA,0,0,0,0,0,0,0,NA,0,0,1,1,0,0,0,NA,0,0,0,0,0,0,0,NA,0,0,0,0,0,0,0,NA,0,0,0,1,0,1,0,NA,0,0,0,1,0,1,0,NA,0
2019-08-12,238,5,3,15,8,9,4,NA,1,5,5,27,13,6,10,NA,4,4,2,17,4,3,5,NA,3,0,0,7,1,4,1,NA,0,7,9,12,18,12,5,NA,9,0,0,0,0,0,0,NA,0,0,1,0,0,0,0,NA,0,0,0,0,0,1,0,NA,0,0,0,0,0,0,0,NA,0,0,0,0,0,0,0,NA,0,0,0,1,0,0,0,NA,0,0,0,1,0,0,0,NA,0
2019-09-12,240,5,5,14,8,10,4,NA,1,5,5,27,13,6,10,NA,4,3,2,17,4,3,5,NA,3,0,0,7,1,4,1,NA,0,7,9,12,17,12,6,NA,10,0,0,1,0,0,0,NA,0,0,0,0,0,0,0,NA,0,1,0,1,0,0,0,NA,0,0,0,0,0,0,0,NA,0,0,0,0,0,0,0,NA,0,0,1,1,0,1,0,NA,1,0,1,1,0,1,0,NA,1
2019-10-12,243,5,5,13,7,10,5,NA,1,5,4,30,14,6,10,NA,4,3,2,17,4,3,5,NA,3,0,0,7,1,4,1,NA,0,7,9,12,17,13,6,NA,10,0,0,1,0,0,0,NA,0,0,1,0,0,0,0,NA,0,0,0,0,0,0,0,NA,0,0,0,0,0,0,0,NA,0,0,0,0,0,0,0,NA,0,0,0,2,0,0,1,NA,0,0,0,2,0,0,1,NA,0
2019-11-12,244,5,4,13,8,9,6,NA,1,5,4,30,14,7,10,NA,4,2,2,16,4,3,5,NA,3,0,0,7,1,4,1,NA,0,7,9,12,18,14,6,NA,10,0,1,0,0,0,1,NA,0,0,0,0,0,0,0,NA,0,1,0,0,0,0,0,NA,0,0,0,0,0,0,0,NA,0,0,0,0,0,0,0,NA,0,0,0,0,1,0,1,NA,0,0,0,0,1,0,1,NA,0
2019-12-12,245,5,4,15,8,10,7,NA,1,5,4,29,13,7,10,NA,4,2,2,15,4,3,4,NA,3,0,0,7,1,4,2,NA,0,7,8,13,18,14,6,NA,10,0,0,0,0,0,0,NA,0,0,0,1,1,0,0,NA,0,0,0,0,0,0,0,NA,0,0,0,0,0,0,0,NA,0,0,0,0,0,1,0,NA,0,0,0,1,0,1,1,NA,0,0,0,1,0,1,1,NA,0
2020-01-12,243,5,4,13,7,9,7,NA,1,5,4,31,13,8,10,NA,3,2,2,15,4,2,5,NA,3,0,0,7,1,4,2,NA,0,7,7,15,17,14,6,NA,10,0,0,0,1,0,1,NA,0,0,0,0,0,0,0,NA,1,0,0,1,0,0,0,NA,0,0,0,0,0,0,0,NA,0,0,1,0,0,0,0,NA,0,0,0,1,0,0,1,NA,0,0,0,1,0,0,1,NA,0
2020-02-12,240,5,4,14,5,9,7,NA,1,5,4,30,14,8,10,NA,3,1,2,15,3,3,5,NA,3,0,0,7,1,4,2,NA,0,7,7,15,16,14,6,NA,10,0,0,0,0,0,0,NA,0,0,0,1,1,0,0,NA,0,1,0,0,1,0,1,NA,0,0,0,0,0,0,0,NA,0,0,0,0,1,0,0,NA,0,0,0,1,0,1,1,NA,0,0,0,1,0,1,1,NA,0
2020-03-12,244,4,3,18,4,9,7,NA,1,6,5,30,15,7,10,NA,3,1,2,16,2,3,5,NA,3,0,0,7,1,4,2,NA,0,7,7,15,16,15,6,NA,10,0,0,0,0,0,0,NA,0,0,0,1,0,1,0,NA,0,0,0,0,0,0,0,NA,0,0,0,0,0,0,0,NA,0,0,0,0,0,0,0,NA,0,0,0,4,0,0,0,NA,0,0,0,4,0,0,0,NA,0
2020-04-12,242,4,3,18,4,9,7,NA,1,6,5,30,15,6,10,NA,3,1,2,16,2,3,6,NA,2,0,0,6,1,4,2,NA,0,7,7,15,16,15,6,NA,10,0,0,0,0,0,0,NA,0,0,0,0,0,1,1,NA,0,0,0,1,0,0,0,NA,1,0,0,1,0,0,0,NA,0,0,0,0,0,0,0,NA,0,0,0,1,0,0,1,NA,0,0,0,1,0,0,1,NA,0
2020-05-12,236,3,3,18,3,7,8,NA,1,6,5,28,16,6,10,NA,3,1,2,16,2,3,5,NA,2,0,0,6,1,4,2,NA,0,7,7,15,16,14,6,NA,10,1,0,0,0,2,0,NA,0,0,0,2,0,0,0,NA,0,0,0,0,0,0,1,NA,0,0,0,0,0,0,0,NA,0,0,0,0,0,1,0,NA,0,0,0,0,0,0,1,NA,0,0,0,0,0,0,1,NA,0
2020-06-12,233,3,3,19,3,6,8,NA,0,5,5,27,16,5,10,NA,4,1,2,16,4,3,5,NA,2,0,0,6,1,4,2,NA,0,7,7,15,15,13,6,NA,10,0,0,0,0,1,0,NA,0,1,0,1,0,1,0,NA,0,0,0,1,0,0,0,NA,0,0,0,0,0,0,0,NA,0,0,0,0,1,1,0,NA,0,0,0,2,1,0,0,NA,0,0,0,2,1,0,0,NA,0
2020-07-12,234,3,5,18,2,6,9,NA,0,5,5,28,17,5,10,NA,4,1,2,15,3,3,5,NA,2,0,0,6,1,4,2,NA,0,7,7,15,15,12,6,NA,11,0,0,0,0,0,0,NA,0,0,0,0,0,0,0,NA,0,0,0,1,0,0,0,NA,0,0,0,0,0,0,0,NA,0,0,0,0,0,1,0,NA,0,0,1,0,0,0,1,NA,0,0,1,0,0,0,1,NA,0
2020-08-12,228,2,5,17,2,5,9,NA,0,5,5,28,16,5,9,NA,4,1,2,14,3,3,5,NA,1,0,0,5,1,4,2,NA,0,7,8,15,16,13,5,NA,11,1,0,1,0,1,0,NA,0,0,0,0,1,0,1,NA,0,0,0,1,0,0,0,NA,0,0,0,0,0,0,0,NA,0,0,0,0,0,0,0,NA,0,0,0,0,0,0,0,NA,0,0,0,0,0,0,0,NA,0
2020-09-12,228,2,5,16,1,4,11,NA,0,5,5,27,17,6,9,NA,4,1,3,15,3,2,5,NA,1,0,0,5,1,4,2,NA,0,7,8,14,16,13,5,NA,11,0,0,2,0,0,0,NA,0,0,0,1,0,0,0,NA,0,0,1,0,0,0,0,NA,0,0,0,0,0,1,0,NA,0,0,0,1,0,0,0,NA,0,0,1,2,0,0,1,NA,0,0,1,2,0,0,1,NA,0
2020-10-12,229,2,5,16,2,5,11,NA,0,4,5,26,16,6,9,NA,4,2,3,15,4,2,5,NA,0,0,0,5,1,4,2,NA,1,7,8,14,16,13,5,NA,11,0,0,0,0,0,0,NA,0,1,0,1,1,0,0,NA,0,0,0,0,0,0,0,NA,0,0,0,0,0,0,0,NA,0,0,0,0,0,0,0,NA,0,1,0,0,1,1,0,NA,0,1,0,0,1,1,0,NA,0
2020-11-12,230,1,5,14,2,5,11,NA,0,5,5,28,16,6,9,NA,4,3,3,16,4,2,5,NA,0,0,0,6,1,4,2,NA,1,7,7,14,16,13,5,NA,10,0,0,0,0,0,0,NA,0,0,0,0,0,0,0,NA,0,0,0,0,0,0,0,NA,0,0,0,0,0,0,0,NA,0,0,1,0,0,0,0,NA,1,1,0,2,0,0,0,NA,0,1,0,1,0,0,0,NA,0
2020-12-12,231,1,5,15,2,5,11,NA,0,5,5,28,16,6,9,NA,4,3,3,16,4,2,5,NA,0,0,0,5,1,4,2,NA,1,8,7,14,16,13,5,NA,10,0,0,0,0,0,1,NA,0,0,0,0,0,0,0,NA,0,0,0,0,0,0,0,NA,0,0,0,1,0,0,0,NA,0,0,0,0,0,0,0,NA,0,0,0,1,0,0,1,NA,0,0,0,1,0,0,1,NA,0
2021-01-12,228,1,5,18,2,4,11,NA,0,5,5,28,15,7,8,NA,4,3,2,13,4,2,5,NA,0,0,0,5,1,4,2,NA,1,8,7,14,14,14,6,NA,10,0,0,0,0,0,0,NA,0,0,0,0,1,0,1,NA,0,0,0,1,0,0,0,NA,0,0,0,0,0,0,0,NA,0,0,0,0,2,0,1,NA,0,0,0,2,0,0,0,NA,0,0,0,1,0,0,0,NA,0
2021-02-12,230,0,6,19,2,4,11,NA,0,6,5,28,15,7,8,NA,4,2,2,14,4,2,5,NA,1,0,0,5,1,4,1,NA,1,8,7,14,14,15,5,NA,10,0,0,0,0,0,0,NA,0,0,0,0,0,0,0,NA,0,0,0,0,0,0,0,NA,0,0,0,0,0,0,1,NA,0,0,0,0,0,0,1,NA,0,0,1,2,0,0,0,NA,1,0,1,1,0,0,0,NA,1
2021-03-12,228,0,6,19,2,3,11,NA,0,6,5,29,15,8,8,NA,4,2,2,11,4,1,5,NA,1,0,0,5,1,4,1,NA,1,9,7,13,13,16,5,NA,11,0,0,0,0,0,1,NA,0,0,0,0,0,0,0,NA,0,0,0,1,0,0,1,NA,0,0,0,0,0,0,0,NA,0,0,0,1,1,0,0,NA,0,0,0,1,0,0,2,NA,0,0,0,1,0,0,2,NA,0
2021-04-12,228,0,5,19,2,2,11,NA,0,6,6,30,15,9,8,NA,4,2,1,11,5,1,5,NA,1,0,0,5,1,4,1,NA,1,9,7,13,13,16,5,NA,10,0,0,0,0,0,0,NA,0,0,0,0,0,0,0,NA,0,0,1,0,0,0,0,NA,0,0,0,0,0,0,0,NA,0,0,0,0,0,0,0,NA,1,0,0,1,1,0,0,NA,0,0,0,1,1,0,0,NA,0
2021-05-12,228,0,6,16,2,2,11,NA,0,6,5,31,15,8,7,NA,4,2,0,12,6,1,5,NA,3,0,0,5,1,4,1,NA,1,9,7,13,13,16,6,NA,10,0,0,2,0,0,0,NA,0,0,1,0,0,1,1,NA,0,0,1,1,0,0,0,NA,0,0,0,0,0,0,0,NA,0,0,0,0,0,0,0,NA,0,0,1,2,1,0,0,NA,1,0,1,2,1,0,0,NA,1
2021-06-12,225,0,6,15,2,2,11,NA,0,4,5,31,14,7,8,NA,4,2,1,12,6,1,5,NA,3,0,0,5,1,4,1,NA,1,9,7,13,13,15,6,NA,11,0,0,1,0,0,0,NA,0,2,0,0,1,1,0,NA,0,0,0,0,0,0,0,NA,0,0,0,0,0,0,0,NA,0,0,0,0,0,1,0,NA,0,0,1,0,0,0,1,NA,0,0,1,0,0,0,1,NA,0
2021-07-12,224,0,6,14,2,2,11,NA,0,4,5,30,14,8,8,NA,3,2,1,14,6,1,5,NA,3,0,0,4,1,4,1,NA,1,9,7,13,13,15,6,NA,11,0,0,1,0,0,0,NA,0,0,0,2,0,0,0,NA,1,0,0,0,0,0,0,NA,0,0,0,1,0,0,0,NA,0,0,0,0,0,0,0,NA,0,0,0,2,0,1,0,NA,0,0,0,2,0,1,0,NA,0
2021-08-12,228,0,6,15,2,3,11,NA,0,4,5,30,14,8,8,NA,3,3,1,15,6,1,5,NA,3,0,0,6,1,4,1,NA,0,9,7,12,13,15,6,NA,11,0,0,0,0,0,0,NA,0,0,0,0,0,0,0,NA,0,0,0,0,0,0,0,NA,0,0,0,0,0,0,0,NA,1,0,0,1,0,0,0,NA,0,1,0,4,0,1,0,NA,0,1,0,2,0,1,0,NA,0
2021-09-12,228,0,4,17,2,3,12,NA,0,4,7,29,14,8,7,NA,3,3,1,15,6,1,6,NA,3,0,0,6,1,4,1,NA,0,9,7,12,12,15,5,NA,11,0,0,0,0,0,0,NA,0,0,0,1,0,0,1,NA,0,0,0,0,0,0,0,NA,0,0,0,0,0,0,0,NA,0,0,0,0,1,0,1,NA,0,0,0,2,0,0,1,NA,0,0,0,1,0,0,1,NA,0
2021-10-12,225,0,4,16,2,3,11,NA,0,3,7,29,14,8,8,NA,3,3,3,12,6,0,6,NA,3,0,0,7,1,3,1,NA,0,9,8,12,12,15,5,NA,11,0,0,0,0,0,0,NA,0,1,0,1,0,0,0,NA,0,0,0,2,0,1,0,NA,0,0,0,0,0,0,0,NA,0,0,0,0,0,0,0,NA,0,0,1,0,0,0,0,NA,0,0,1,0,0,0,0,NA,0
2021-11-12,222,1,4,17,1,3,9,NA,0,3,7,28,15,8,10,NA,3,3,3,12,5,0,5,NA,2,0,0,7,1,3,1,NA,0,9,8,12,11,14,5,NA,12,0,0,0,0,0,0,NA,0,0,0,1,0,0,0,NA,0,0,0,0,0,0,1,NA,1,0,0,0,0,0,0,NA,0,0,0,0,1,1,0,NA,0,1,0,1,0,0,0,NA,0,1,0,1,0,0,0,NA,0
2021-12-12,226,1,4,18,3,5,8,NA,0,3,7,29,15,8,9,NA,3,3,3,13,5,0,5,NA,2,0,0,7,1,3,1,NA,0,9,8,11,11,14,5,NA,12,0,0,0,0,0,0,NA,0,0,0,0,0,0,2,NA,0,0,0,0,0,0,0,NA,0,0,0,0,0,0,0,NA,0,0,0,1,0,0,0,NA,0,0,0,2,1,1,0,NA,0,0,0,2,1,1,0,NA,0
2022-01-12,226,1,4,18,3,5,7,NA,0,3,7,29,15,8,10,NA,3,3,4,14,5,0,4,NA,1,0,0,7,1,3,1,NA,0,9,8,12,11,14,5,NA,11,0,0,0,0,0,0,NA,0,0,0,0,0,0,0,NA,0,0,0,0,0,0,0,NA,1,0,0,0,0,0,0,NA,0,0,0,0,0,0,0,NA,1,0,1,1,0,0,0,NA,0,0,1,1,0,0,0,NA,0
2022-02-12,229,1,4,18,5,5,7,NA,0,3,7,29,15,8,10,NA,3,3,4,14,6,0,4,NA,1,0,0,7,1,3,1,NA,0,9,8,12,11,14,5,NA,11,0,0,0,0,0,0,NA,0,0,0,0,0,0,0,NA,0,0,0,0,0,0,0,NA,0,0,0,0,0,0,0,NA,0,0,0,0,0,0,0,NA,0,0,0,0,2,0,0,NA,0,0,0,0,2,0,0,NA,0
2022-03-12,227,1,4,15,5,5,7,NA,0,3,7,32,14,8,9,NA,3,2,4,15,6,0,4,NA,1,0,0,7,1,3,1,NA,0,9,8,12,11,14,5,NA,11,0,0,1,0,0,0,NA,0,0,0,0,1,0,1,NA,0,1,0,1,0,0,0,NA,0,0,0,0,0,0,0,NA,0,0,0,0,0,0,0,NA,0,0,0,2,0,0,0,NA,0,0,0,1,0,0,0,NA,0
2022-04-12,216,1,4,14,5,5,6,NA,0,2,7,30,14,8,9,NA,3,2,4,12,5,0,3,NA,1,0,0,7,1,3,1,NA,0,8,7,13,12,13,5,NA,11,0,0,1,0,0,0,NA,0,1,0,2,0,0,1,NA,0,0,0,2,1,0,0,NA,0,0,0,0,0,0,0,NA,0,1,1,0,0,1,0,NA,0,0,0,0,0,0,0,NA,0,0,0,0,0,0,0,NA,0
2022-05-12,210,1,3,12,5,6,5,NA,0,2,7,30,14,7,9,NA,3,2,4,11,6,0,3,NA,1,0,0,7,1,2,1,NA,0,8,7,13,12,13,4,NA,11,0,1,2,0,0,1,NA,0,0,0,0,0,1,0,NA,0,0,0,1,0,0,0,NA,0,0,0,0,0,1,0,NA,0,0,0,0,0,0,1,NA,0,0,0,0,1,1,0,NA,0,0,0,0,1,1,0,NA,0
2022-06-12,212,1,3,11,5,6,6,NA,0,2,7,30,14,7,9,NA,3,2,4,12,7,0,3,NA,1,0,0,7,2,2,1,NA,0,7,7,13,12,13,4,NA,11,0,0,1,0,0,0,NA,0,0,0,1,0,0,0,NA,0,0,0,0,0,0,0,NA,0,0,0,0,0,0,0,NA,0,1,0,0,0,0,0,NA,0,0,0,2,1,0,1,NA,0,0,0,1,1,0,1,NA,0
2022-07-12,211,1,1,12,6,6,6,NA,0,2,9,29,14,7,8,NA,2,1,4,15,7,0,3,NA,1,0,0,6,2,2,1,NA,0,7,7,13,11,13,4,NA,11,0,0,0,0,0,0,NA,0,0,0,1,0,0,1,NA,1,1,0,0,0,0,0,NA,0,0,0,1,0,0,0,NA,0,0,0,0,1,0,0,NA,0,0,0,2,1,0,0,NA,0,0,0,1,1,0,0,NA,0
2022-08-12,210,1,1,12,6,6,6,NA,0,2,9,29,14,7,8,NA,2,1,4,15,7,0,3,NA,1,0,0,5,2,2,1,NA,0,6,7,13,12,13,4,NA,11,0,0,0,0,0,0,NA,0,0,0,0,0,0,0,NA,0,0,0,0,0,0,0,NA,0,0,0,1,0,0,0,NA,0,0,0,0,0,0,0,NA,0,0,0,0,0,0,0,NA,0,0,0,0,0,0,0,NA,0
2022-09-12,205,1,1,11,6,6,5,NA,0,2,8,30,14,7,9,NA,2,1,4,13,8,0,3,NA,1,0,0,5,1,2,1,NA,0,6,7,14,10,12,4,NA,11,0,0,1,0,0,0,NA,0,0,1,0,0,0,0,NA,0,0,0,2,0,0,0,NA,0,0,0,0,0,0,0,NA,0,0,0,0,2,1,0,NA,0,0,0,1,1,0,0,NA,0,0,0,1,1,0,0,NA,0
2022-10-12,207,0,2,12,7,4,5,NA,0,1,8,30,15,8,9,NA,2,1,5,15,8,0,3,NA,1,0,0,5,1,2,1,NA,0,6,7,13,9,12,4,NA,11,1,0,0,0,1,0,NA,0,1,0,0,0,0,0,NA,0,0,0,1,0,0,0,NA,0,0,0,0,0,0,0,NA,0,0,0,1,1,0,1,NA,0,0,1,3,2,0,0,NA,0,0,1,3,1,0,0,NA,0
2022-11-12,207,0,2,12,7,4,5,NA,0,1,8,30,15,8,9,NA,1,1,5,15,9,0,3,NA,1,0,0,4,1,2,1,NA,0,6,7,13,9,12,5,NA,11,0,0,0,0,0,0,NA,0,0,0,0,0,0,0,NA,1,0,0,0,0,0,0,NA,0,0,0,1,0,0,0,NA,0,0,0,0,0,0,0,NA,0,0,0,1,1,0,0,NA,0,0,0,1,1,0,0,NA,0
2022-12-12,211,0,2,13,7,4,4,NA,0,1,8,30,15,8,10,NA,1,1,6,17,9,0,2,NA,1,0,0,4,1,2,1,NA,0,6,7,13,9,13,5,NA,11,0,0,0,0,0,0,NA,0,0,0,0,0,0,0,NA,0,0,0,0,0,0,0,NA,0,0,0,0,0,0,0,NA,0,0,0,0,0,0,0,NA,0,0,1,3,0,0,0,NA,0,0,1,2,0,0,0,NA,0
2023-01-12,214,0,2,11,9,5,5,NA,0,1,7,32,15,8,10,NA,1,1,5,17,9,2,2,NA,1,0,0,4,1,2,1,NA,0,6,7,13,9,13,5,NA,10,0,0,0,0,0,0,NA,0,0,1,0,0,0,0,NA,0,0,1,1,0,0,0,NA,0,0,0,0,0,0,0,NA,0,0,0,0,0,0,0,NA,1,0,0,1,1,2,1,NA,0,0,0,1,1,2,1,NA,0
2023-02-12,214,0,1,12,9,5,6,NA,0,1,8,31,15,8,10,NA,1,1,5,16,9,2,2,NA,1,0,0,4,1,2,1,NA,0,6,8,12,9,13,5,NA,10,0,0,0,0,0,0,NA,0,0,0,2,0,0,0,NA,0,0,0,1,0,0,0,NA,0,0,0,0,0,0,0,NA,0,0,0,1,0,0,0,NA,0,0,0,3,0,0,1,NA,0,0,0,3,0,0,1,NA,0
2023-03-12,212,0,1,12,9,5,5,NA,1,1,8,28,15,8,11,NA,1,1,5,16,9,2,2,NA,1,0,0,4,1,2,1,NA,0,6,8,12,9,13,5,NA,10,0,0,0,0,0,0,NA,0,0,0,3,0,0,0,NA,0,0,0,0,0,0,0,NA,0,0,0,0,0,0,0,NA,0,0,0,0,0,0,0,NA,0,0,0,0,0,0,0,NA,1,0,0,0,0,0,0,NA,1
2023-04-12,213,0,1,10,9,5,5,NA,1,1,8,29,15,7,11,NA,1,3,5,17,8,2,2,NA,1,0,0,4,1,2,1,NA,0,6,8,12,9,13,6,NA,10,0,0,1,0,0,0,NA,0,0,0,0,0,1,0,NA,0,0,0,0,1,0,0,NA,0,0,0,0,0,0,0,NA,0,0,0,0,0,0,0,NA,0,1,0,1,1,0,0,NA,0,1,0,1,1,0,0,NA,0
2023-05-12,214,0,1,10,9,5,5,NA,1,1,8,29,15,7,11,NA,1,3,5,18,7,2,2,NA,0,0,0,4,1,2,1,NA,0,6,8,12,10,13,7,NA,10,0,0,0,0,1,0,NA,0,0,0,0,0,0,0,NA,0,0,0,0,0,0,0,NA,0,0,0,0,0,0,0,NA,0,0,0,0,0,0,0,NA,0,0,0,1,0,1,0,NA,0,0,0,1,0,1,0,NA,0
2023-06-12,215,0,2,11,9,5,5,NA,1,1,8,26,15,7,11,NA,1,3,4,20,6,2,2,NA,0,0,0,4,1,2,2,NA,0,6,8,13,10,13,7,NA,10,0,0,0,0,0,0,NA,0,0,0,3,0,0,1,NA,0,0,0,0,1,0,0,NA,0,0,0,0,0,0,0,NA,0,0,0,0,0,0,0,NA,0,0,1,2,0,0,1,NA,0,0,1,1,0,0,1,NA,0
2023-07-12,211,0,2,11,10,4,5,NA,1,1,8,25,15,7,11,NA,1,3,4,18,6,2,2,NA,0,0,0,4,1,2,2,NA,0,6,8,13,10,13,7,NA,9,0,0,0,0,0,0,NA,0,0,0,1,0,1,0,NA,0,0,0,2,0,0,0,NA,0,0,0,0,0,0,0,NA,0,0,0,0,0,0,0,NA,1,0,0,0,1,0,0,NA,0,0,0,0,1,0,0,NA,0
2023-08-12,209,0,2,11,12,4,5,NA,1,1,8,25,15,6,11,NA,1,2,4,15,6,4,2,NA,0,0,0,5,1,2,2,NA,0,3,8,14,10,12,8,NA,9,0,0,0,0,0,0,NA,0,0,0,0,0,1,0,NA,0,0,0,1,0,0,0,NA,0,0,0,0,0,0,0,NA,0,3,0,0,0,1,0,NA,0,0,0,0,2,1,0,NA,0,0,0,0,1,1,0,NA,0
2023-09-12,208,0,2,9,12,4,6,NA,1,1,8,25,15,6,12,NA,1,2,4,14,6,4,2,NA,0,0,0,5,0,2,2,NA,0,3,8,13,10,14,8,NA,9,0,0,0,0,0,0,NA,0,0,0,2,0,0,0,NA,0,0,0,1,0,0,0,NA,0,0,0,0,0,0,0,NA,0,0,0,1,0,0,0,NA,0,0,0,0,0,0,2,NA,0,0,0,0,0,0,1,NA,0
2023-10-12,204,0,2,8,12,4,6,NA,1,1,8,25,15,6,11,NA,1,2,2,14,6,4,2,NA,0,0,0,5,0,2,2,NA,0,3,9,14,10,14,8,NA,7,0,0,1,0,0,0,NA,0,0,0,0,0,0,1,NA,0,0,0,0,0,0,0,NA,0,0,0,0,0,0,0,NA,0,0,0,0,0,0,0,NA,2,0,0,0,0,0,0,NA,0,0,0,0,0,0,0,NA,0
2023-11-12,203,0,3,8,12,4,6,NA,1,1,8,25,15,6,10,NA,1,2,2,13,6,5,2,NA,0,0,0,5,0,2,2,NA,0,3,9,14,10,14,7,NA,7,0,0,0,0,1,0,NA,0,0,0,0,0,0,1,NA,0,0,0,1,0,0,0,NA,0,0,0,0,0,0,0,NA,0,0,0,0,0,0,1,NA,0,0,1,0,0,1,0,NA,0,0,1,0,0,1,0,NA,0
2023-12-12,198,0,3,8,10,3,6,NA,1,1,7,25,16,7,8,NA,1,1,2,12,6,5,2,NA,0,0,0,5,0,2,2,NA,0,3,9,14,10,14,8,NA,7,0,0,0,0,0,0,NA,0,0,1,1,1,0,2,NA,0,1,0,0,0,0,0,NA,0,0,0,0,0,0,0,NA,0,0,0,0,0,0,0,NA,0,0,0,1,0,0,0,NA,0,0,0,1,0,0,0,NA,0
2024-01-12,196,0,3,7,10,3,6,NA,1,1,7,25,16,7,8,NA,1,1,2,12,6,5,2,NA,0,0,0,5,0,2,2,NA,0,3,9,14,10,14,7,NA,7,0,0,1,0,0,0,NA,0,0,0,0,0,0,0,NA,0,0,0,0,0,0,0,NA,0,0,0,0,0,0,0,NA,0,0,0,0,0,0,1,NA,0,0,0,0,0,0,0,NA,0,0,0,0,0,0,0,NA,0
2024-02-12,200,0,3,9,8,3,7,NA,1,1,7,25,18,7,8,NA,1,1,2,12,7,5,2,NA,0,0,0,5,0,2,2,NA,0,3,9,14,10,14,7,NA,7,0,0,0,0,0,0,NA,0,0,0,0,0,0,0,NA,0,0,0,1,0,0,0,NA,0,0,0,0,0,0,0,NA,0,0,0,0,0,0,1,NA,0,0,0,2,2,0,1,NA,0,0,0,2,1,0,1,NA,0
2024-03-12,201,0,4,7,8,3,7,NA,2,0,7,26,18,7,7,NA,1,1,2,14,7,4,2,NA,0,0,0,5,0,2,2,NA,0,3,9,14,10,15,7,NA,7,0,0,1,0,0,0,NA,0,1,0,0,0,0,1,NA,0,0,0,0,0,1,0,NA,0,0,0,0,0,0,0,NA,0,0,0,0,0,0,0,NA,0,0,1,2,0,0,0,NA,1,0,1,2,0,0,0,NA,1
2024-04-12,202,0,5,8,8,4,7,NA,2,0,7,26,17,7,7,NA,1,1,2,13,7,4,3,NA,0,0,0,5,0,2,2,NA,0,3,9,14,10,14,7,NA,7,0,0,0,1,0,0,NA,0,0,0,0,1,0,0,NA,0,0,0,1,0,0,0,NA,0,0,0,0,0,0,0,NA,0,0,0,0,0,1,0,NA,0,0,1,1,1,1,1,NA,0,0,1,1,1,1,1,NA,0
2024-05-12,209,0,5,9,9,5,8,NA,2,0,7,26,17,7,7,NA,1,1,2,16,7,4,4,NA,0,0,0,5,0,2,2,NA,0,3,8,14,10,14,7,NA,7,0,0,0,0,0,0,NA,0,0,0,0,0,0,0,NA,0,0,0,0,0,0,0,NA,0,0,0,0,0,0,0,NA,0,0,1,0,0,0,0,NA,0,0,0,3,1,1,1,NA,0,0,0,2,1,1,1,NA,0
2024-06-12,209,0,5,10,9,5,7,NA,2,0,7,27,16,7,8,NA,1,1,2,15,5,4,4,NA,0,0,0,5,1,2,2,NA,0,3,9,13,11,14,7,NA,7,0,0,0,0,0,0,NA,0,0,0,0,1,0,0,NA,0,0,0,0,0,0,0,NA,0,0,0,0,0,0,0,NA,0,0,0,1,0,0,0,NA,0,0,0,1,0,0,0,NA,0,0,0,1,0,0,0,NA,0
2024-07-12,211,0,5,11,8,5,7,NA,2,0,7,27,17,7,8,NA,1,1,2,15,5,4,4,NA,0,0,0,5,1,2,2,NA,0,3,10,13,11,14,7,NA,7,0,0,0,0,0,0,NA,0,0,0,0,0,0,0,NA,0,0,0,0,0,0,0,NA,0,0,0,0,0,0,0,NA,0,0,0,0,0,0,0,NA,0,0,0,1,0,0,0,NA,0,0,0,1,0,0,0,NA,0
2024-08-12,215,0,5,11,9,7,8,NA,2,0,7,27,17,7,8,NA,1,1,2,15,5,4,5,NA,0,0,0,5,1,2,2,NA,0,2,10,13,11,14,7,NA,7,0,0,0,0,0,0,NA,0,0,0,0,0,0,0,NA,0,0,0,0,0,0,0,NA,0,0,0,0,0,0,0,NA,0,1,0,0,0,0,0,NA,0,0,0,0,1,1,1,NA,0,0,0,0,1,1,1,NA,0
2024-09-12,213,0,5,11,9,7,8,NA,2,0,7,27,17,7,6,NA,1,1,1,17,5,4,5,NA,0,0,0,4,1,2,2,NA,0,2,10,13,11,14,7,NA,7,0,0,0,0,0,0,NA,0,0,0,0,0,0,2,NA,0,0,1,0,0,0,0,NA,0,0,0,1,0,0,0,NA,0,0,0,0,0,0,0,NA,0,0,0,2,0,0,0,NA,0,0,0,2,0,0,0,NA,0
2024-10-12,206,0,4,11,8,7,7,NA,2,0,8,27,17,5,5,NA,1,1,1,15,3,4,5,NA,0,0,0,4,2,2,2,NA,0,2,10,13,11,14,8,NA,7,0,0,0,0,0,1,NA,0,0,0,0,1,2,1,NA,0,0,0,1,1,0,0,NA,0,0,0,0,0,0,0,NA,0,0,0,0,0,0,0,NA,0,0,0,0,0,0,0,NA,0,0,0,0,0,0,0,NA,0
2024-11-12,212,0,5,14,8,7,7,NA,2,0,8,27,17,5,5,NA,1,1,3,15,2,4,5,NA,0,0,0,4,1,2,2,NA,0,2,11,13,12,14,8,NA,7,0,0,0,0,0,0,NA,0,0,0,0,0,0,0,NA,0,0,0,1,0,0,0,NA,0,0,0,0,0,0,0,NA,0,0,0,1,0,0,0,NA,0,0,2,4,0,0,0,NA,0,0,2,3,0,0,0,NA,0
2024-12-12,215,0,7,13,8,7,7,NA,2,0,8,28,17,5,5,NA,1,1,2,14,4,4,5,NA,0,0,0,4,1,2,2,NA,0,2,12,13,13,14,7,NA,7,0,0,1,0,0,0,NA,0,0,0,0,0,0,0,NA,0,0,0,0,0,0,0,NA,0,0,0,0,0,0,0,NA,0,0,0,0,0,0,1,NA,0,0,1,1,1,0,0,NA,0,0,1,1,1,0,0,NA,0
2025-01-12,212,0,7,13,5,6,6,NA,2,0,8,28,19,5,6,NA,1,1,3,13,4,2,5,NA,0,0,0,4,1,1,2,NA,0,2,12,12,15,15,7,NA,7,0,0,0,1,0,0,NA,0,0,0,0,0,1,0,NA,0,0,0,0,0,0,0,NA,0,0,0,0,0,1,0,NA,0,0,0,1,0,0,0,NA,0,0,1,0,0,0,0,NA,0,0,1,0,0,0,0,NA,0
2025-02-12,210,0,7,13,5,6,5,NA,2,0,8,29,19,5,7,NA,1,1,3,12,4,2,4,NA,0,0,0,4,1,1,2,NA,0,2,11,12,15,15,7,NA,7,0,0,0,0,0,0,NA,0,0,0,0,0,0,0,NA,0,0,0,0,0,0,1,NA,0,0,0,0,0,0,0,NA,0,0,1,0,1,0,0,NA,0,0,0,1,0,0,0,NA,0,0,0,1,0,0,0,NA,0
2025-03-12,214,0,7,13,7,7,4,NA,1,0,8,29,19,5,7,NA,2,1,3,14,4,3,4,NA,0,0,0,4,1,1,2,NA,0,2,10,12,15,15,7,NA,7,0,0,0,0,0,1,NA,0,0,0,0,0,0,0,NA,0,0,0,0,0,0,0,NA,0,0,0,0,0,0,0,NA,0,0,1,0,0,0,0,NA,0,0,0,2,2,1,0,NA,0,0,0,2,1,1,0,NA,0
2025-04-12,218,0,7,14,8,7,5,NA,1,0,8,29,19,5,7,NA,2,0,3,15,4,3,5,NA,0,0,0,4,1,1,2,NA,0,2,10,13,14,15,7,NA,7,0,0,0,0,0,0,NA,0,0,0,0,0,0,0,NA,0,0,0,0,0,0,0,NA,0,0,0,0,0,0,0,NA,0,0,0,0,1,0,0,NA,0,0,0,2,1,0,2,NA,0,0,0,2,1,0,1,NA,0
2025-05-12,213,0,7,14,7,6,5,NA,1,0,8,29,19,6,7,NA,2,0,4,14,4,2,4,NA,0,0,0,4,1,1,2,NA,0,2,10,13,13,15,6,NA,7,0,0,0,1,0,0,NA,0,0,0,0,0,0,0,NA,0,0,0,2,0,1,1,NA,0,0,0,0,0,0,0,NA,0,0,0,0,1,0,1,NA,0,0,1,1,0,0,0,NA,0,0,1,1,0,0,0,NA,0
2025-06-12,213,0,6,16,7,6,4,NA,1,0,9,30,19,6,8,NA,2,0,4,14,4,2,4,NA,0,0,0,4,1,1,2,NA,0,1,10,13,12,15,5,NA,7,0,0,0,0,0,0,NA,0,0,0,0,0,0,0,NA,0,0,0,0,0,0,0,NA,0,0,0,0,0,0,0,NA,0,1,0,0,1,0,1,NA,0,0,0,2,0,0,0,NA,0,0,0,2,0,0,0,NA,0
2025-07-12,210,0,5,16,6,6,4,NA,1,0,8,30,20,6,8,NA,2,0,4,15,4,2,4,NA,0,0,0,4,1,1,2,NA,0,1,9,12,12,15,5,NA,7,0,1,0,0,0,0,NA,0,0,1,0,0,0,0,NA,0,0,0,0,0,0,0,NA,0,0,0,0,0,0,0,NA,0,0,1,1,0,0,0,NA,0,0,0,1,0,0,0,NA,0,0,0,1,0,0,0,NA,0
2025-08-12,212,0,5,16,5,5,4,NA,1,0,8,29,22,6,8,NA,2,0,4,16,6,2,4,NA,0,0,0,4,1,1,2,NA,0,1,9,12,12,15,5,NA,7,0,0,0,0,1,0,NA,0,0,0,1,0,0,0,NA,0,0,0,0,0,0,0,NA,0,0,0,0,0,0,0,NA,0,0,0,0,0,0,0,NA,0,0,0,1,2,0,0,NA,0,0,0,1,2,0,0,NA,0
2025-09-12,214,0,5,16,6,4,2,NA,1,0,8,28,22,6,10,NA,2,0,6,17,7,2,3,NA,0,0,0,4,1,1,2,NA,0,1,9,12,12,15,5,NA,7,0,0,0,0,1,0,NA,0,0,0,1,0,0,0,NA,0,0,0,0,0,0,0,NA,0,0,0,0,0,0,0,NA,0,0,0,1,0,0,0,NA,0,0,1,1,1,0,0,NA,0,0,1,1,1,0,0,NA,0
2025-10-12,219,0,5,17,7,4,2,NA,2,0,8,28,22,6,10,NA,2,0,6,16,8,2,4,NA,1,0,0,4,1,1,2,NA,0,1,9,12,12,15,5,NA,7,0,0,0,0,0,0,NA,0,0,0,0,0,0,0,NA,0,0,0,1,0,0,0,NA,0,0,0,0,0,0,0,NA,0,0,0,0,0,0,0,NA,0,0,0,1,1,0,1,NA,1,0,0,1,1,0,1,NA,1
2025-11-12,214,0,4,17,7,2,2,NA,2,0,8,28,21,7,10,NA,2,0,6,15,8,1,4,NA,1,0,0,4,1,1,2,NA,0,1,10,11,12,15,5,NA,7,0,0,0,0,1,0,NA,0,0,1,0,1,0,0,NA,0,0,0,1,0,0,0,NA,0,0,0,0,0,0,0,NA,0,0,0,1,0,0,0,NA,0,0,0,0,0,0,0,NA,0,0,0,0,0,0,0,NA,0
2025-12-12,215,0,4,16,6,2,2,NA,2,0,8,29,21,7,10,NA,2,0,6,17,8,1,4,NA,1,0,0,4,1,1,2,NA,0,1,10,11,13,14,5,NA,7,0,0,1,1,0,0,NA,0,0,0,0,0,0,0,NA,0,0,0,0,0,0,0,NA,0,0,0,0,0,0,0,NA,0,0,0,0,0,0,0,NA,0,0,0,2,0,0,0,NA,0,0,0,2,0,0,0,NA,0
2026-01-12,218,0,4,18,6,4,3,NA,2,0,8,29,20,7,10,NA,1,0,5,18,8,1,4,NA,1,0,0,4,1,1,2,NA,0,1,10,11,13,14,5,NA,7,0,0,0,0,0,0,NA,0,0,0,0,1,0,0,NA,1,0,1,0,0,0,0,NA,0,0,0,0,0,0,0,NA,0,0,0,0,0,0,0,NA,0,0,0,2,0,1,1,NA,0,0,0,2,0,1,1,NA,0
2026-02-12,217,0,4,17,6,4,3,NA,2,0,8,30,20,7,10,NA,1,0,5,17,6,2,4,NA,1,0,0,3,1,1,2,NA,0,1,11,11,12,15,6,NA,7,0,0,0,0,0,0,NA,0,0,0,1,0,0,0,NA,0,0,0,1,0,0,0,NA,0,0,0,1,0,0,0,NA,0,0,0,0,0,0,0,NA,0,0,0,1,0,1,0,NA,0,0,0,1,0,1,0,NA,0
2026-03-12,222,0,4,20,6,4,3,NA,1,0,9,29,20,7,10,NA,2,0,6,16,7,2,4,NA,1,0,0,3,1,1,1,NA,0,1,11,11,13,15,7,NA,7,0,0,0,0,0,0,NA,0,0,0,1,0,0,0,NA,0,0,0,0,0,0,0,NA,0,0,0,0,0,0,0,NA,0,0,0,0,0,0,1,NA,0,0,1,4,1,0,0,NA,0,0,1,3,1,0,0,NA,0
2026-04-12,220,0,5,21,6,4,3,NA,1,0,9,30,19,7,10,NA,2,0,4,16,7,2,4,NA,1,0,0,3,1,1,1,NA,0,1,11,11,13,14,7,NA,6,0,0,0,0,0,0,NA,0,0,1,0,1,0,0,NA,0,0,2,0,0,0,0,NA,0,0,0,0,0,0,0,NA,0,0,0,0,0,1,0,NA,1,0,1,1,0,0,0,NA,0,0,1,1,0,0,0,NA,0
2026-05-12,218,0,5,20,6,3,3,NA,1,0,9,30,19,7,10,NA,2,0,4,14,6,2,3,NA,1,0,0,5,1,1,1,NA,0,1,11,12,13,15,7,NA,6,0,0,0,0,0,0,NA,0,0,0,1,0,1,0,NA,0,0,0,0,1,0,0,NA,0,0,0,0,0,0,0,NA,0,0,0,0,0,0,0,NA,0,0,0,1,0,0,0,NA,0,0,0,1,0,0,0,NA,0
2026-06-12,221,0,6,21,6,3,3,NA,0,0,9,30,19,7,10,NA,2,0,4,17,6,2,3,NA,1,0,0,5,1,1,1,NA,0,1,11,12,13,14,7,NA,6,0,0,0,0,0,0,NA,1,0,0,1,0,0,0,NA,0,0,0,0,0,0,0,NA,0,0,0,0,0,0,0,NA,0,0,0,0,0,1,0,NA,0,0,1,4,0,0,0,NA,0,0,1,3,0,0,0,NA,0
2026-07-12,225,0,7,20,6,3,4,NA,0,0,9,31,19,7,9,NA,2,0,5,16,6,4,4,NA,1,0,0,5,1,1,1,NA,0,1,11,13,12,14,7,NA,6,0,0,0,0,0,0,NA,0,0,0,0,0,0,1,NA,0,0,0,0,0,0,0,NA,0,0,0,0,0,0,0,NA,0,0,0,0,0,0,1,NA,0,0,1,0,0,1,1,NA,0,0,1,0,0,1,1,NA,0
2026-08-12,225,NA,7,21,6,3,3,NA,0,NA,9,31,19,7,10,NA,2,NA,5,15,6,4,5,NA,1,NA,0,5,1,1,1,NA,0,NA,11,14,12,13,7,NA,6,NA,0,0,0,0,0,NA,0,NA,0,0,0,0,0,NA,0,NA,0,2,0,0,0,NA,0,NA,0,0,0,0,0,NA,0,NA,0,0,0,1,0,NA,0,NA,0,2,0,0,1,NA,0,NA,0,2,0,0,1,NA,0
2026-09-12,225,NA,7,22,6,3,3,NA,0,NA,9,30,19,7,10,NA,2,NA,5,14,6,4,5,NA,1,NA,0,5,1,1,1,NA,0,NA,11,14,13,13,7,NA,6,NA,0,0,0,0,0,NA,0,NA,0,1,0,0,0,NA,0,NA,0,0,0,0,0,NA,0,NA,0,0,0,0,0,NA,0,NA,0,0,0,0,0,NA,0,NA,0,1,0,0,0,NA,0,NA,0,1,0,0,0,NA,0
2026-10-12,224,NA,7,22,6,3,3,NA,0,NA,9,29,19,7,10,NA,2,NA,5,14,6,4,5,NA,1,NA,0,5,1,1,1,NA,0,NA,11,14,13,13,7,NA,6,NA,0,0,0,0,0,NA,0,NA,0,1,0,0,0,NA,0,NA,0,0,0,0,0,NA,0,NA,0,0,0,0,0,NA,0,NA,0,0,0,0,0,NA,0,NA,0,0,0,0,0,NA,0,NA,0,0,0,0,0,NA,0
2026-11-12,223,NA,6,19,5,3,3,NA,0,NA,10,32,19,7,10,NA,2,NA,3,13,7,4,5,NA,1,NA,0,5,1,1,0,NA,0,NA,11,16,14,13,7,NA,6,NA,0,0,1,0,0,NA,0,NA,0,0,0,0,0,NA,0,NA,0,0,1,0,0,NA,0,NA,0,0,0,0,1,NA,0,NA,0,0,0,0,0,NA,0,NA,0,0,2,0,0,NA,0,NA,0,0,2,0,0,NA,0
2026-12-12,224,NA,6,18,7,3,3,NA,0,NA,10,33,19,7,9,NA,2,NA,4,15,5,4,5,NA,1,NA,0,5,2,0,0,NA,0,NA,11,17,14,12,7,NA,5,NA,0,0,0,0,0,NA,0,NA,1,0,0,0,1,NA,0,NA,0,0,0,0,0,NA,0,NA,0,0,0,1,0,NA,0,NA,0,0,0,1,0,NA,1,NA,1,1,1,0,0,NA,0,NA,1,1,1,0,0,NA,0
2027-01-12,223,NA,6,16,7,3,3,NA,0,NA,10,32,18,7,9,NA,2,NA,4,18,5,4,5,NA,1,NA,0,5,2,0,0,NA,0,NA,11,17,14,12,7,NA,5,NA,0,2,0,0,0,NA,0,NA,0,1,1,0,0,NA,0,NA,0,0,0,0,0,NA,0,NA,0,0,0,0,0,NA,0,NA,0,0,0,0,0,NA,0,NA,0,2,0,0,0,NA,0,NA,0,2,0,0,0,NA,0
2027-02-12,224,NA,6,16,7,4,4,NA,0,NA,10,33,18,7,9,NA,2,NA,4,16,6,4,6,NA,1,NA,0,4,2,0,0,NA,0,NA,10,17,14,11,8,NA,5,NA,0,1,0,0,0,NA,0,NA,0,0,0,0,0,NA,0,NA,0,3,0,0,0,NA,0,NA,0,1,0,0,0,NA,0,NA,0,0,0,1,0,NA,0,NA,0,3,1,1,1,NA,0,NA,0,3,1,1,1,NA,0
2027-03-12,226,NA,6,17,5,3,4,NA,0,NA,10,32,20,8,9,NA,2,NA,4,15,8,3,6,NA,2,NA,0,4,2,0,0,NA,0,NA,11,16,15,11,8,NA,5,NA,0,2,0,0,0,NA,0,NA,0,1,0,0,0,NA,0,NA,0,0,0,0,0,NA,0,NA,0,0,0,0,0,NA,0,NA,0,1,0,0,0,NA,0,NA,0,2,1,0,0,NA,1,NA,0,2,1,0,0,NA,1
2027-04-12,228,NA,6,19,4,3,3,NA,0,NA,10,32,21,8,10,NA,2,NA,4,15,9,3,5,NA,2,NA,0,4,2,0,0,NA,0,NA,12,15,16,10,8,NA,5,NA,0,0,0,0,0,NA,0,NA,0,0,0,0,0,NA,0,NA,0,0,0,0,0,NA,0,NA,0,0,0,0,0,NA,0,NA,0,1,0,1,0,NA,0,NA,0,2,1,0,0,NA,0,NA,0,2,1,0,0,NA,0
2027-05-12,229,NA,6,19,4,3,3,NA,0,NA,10,32,21,8,10,NA,2,NA,5,15,9,3,5,NA,2,NA,0,4,2,0,0,NA,0,NA,12,15,16,10,8,NA,5,NA,0,0,0,0,0,NA,0,NA,0,0,0,0,0,NA,0,NA,0,0,0,0,0,NA,0,NA,0,0,0,0,0,NA,0,NA,0,0,0,0,0,NA,0,NA,1,0,0,0,0,NA,0,NA,1,0,0,0,0,NA,0
2027-06-12,229,NA,6,18,4,3,3,NA,0,NA,10,31,20,8,10,NA,2,NA,5,17,10,3,5,NA,2,NA,0,4,2,0,0,NA,0,NA,12,15,16,10,8,NA,5,NA,0,2,0,0,0,NA,0,NA,0,2,1,0,0,NA,0,NA,0,1,0,0,0,NA,0,NA,0,0,0,0,0,NA,0,NA,0,0,0,0,0,NA,0,NA,0,3,1,0,0,NA,0,NA,0,2,1,0,0,NA,0
2027-07-12,229,NA,6,20,4,3,3,NA,0,NA,10,30,20,8,9,NA,2,NA,6,15,10,3,5,NA,2,NA,0,4,2,0,0,NA,0,NA,12,15,16,10,9,NA,5,NA,0,0,0,0,0,NA,0,NA,0,1,0,0,1,NA,0,NA,0,1,0,0,0,NA,0,NA,0,0,0,0,0,NA,0,NA,0,0,0,0,0,NA,0,NA,1,2,0,0,0,NA,0,NA,1,1,0,0,0,NA,0
2027-08-12,229,NA,5,23,4,3,3,NA,0,NA,10,29,19,8,9,NA,2,NA,6,14,9,3,5,NA,2,NA,0,5,2,0,0,NA,0,NA,13,14,16,10,9,NA,6,NA,1,0,0,0,0,NA,0,NA,0,1,1,0,0,NA,0,NA,0,0,0,0,0,NA,0,NA,0,0,0,0,0,NA,0,NA,0,0,0,0,0,NA,0,NA,0,2,0,0,0,NA,0,NA,0,2,0,0,0,NA,0
2027-09-12,232,NA,5,23,3,5,2,NA,0,NA,10,29,20,8,9,NA,2,NA,5,15,8,5,5,NA,2,NA,0,5,2,0,0,NA,0,NA,13,14,16,10,10,NA,6,NA,0,0,0,0,1,NA,0,NA,0,0,0,0,0,NA,0,NA,0,1,0,0,0,NA,0,NA,0,0,0,0,0,NA,0,NA,0,0,0,0,1,NA,0,NA,0,1,0,2,0,NA,0,NA,0,1,0,2,0,NA,0
2027-10-12,231,NA,5,24,2,6,2,NA,0,NA,10,28,20,8,8,NA,2,NA,5,14,10,6,4,NA,1,NA,0,5,2,0,0,NA,0,NA,14,14,15,11,9,NA,6,NA,0,0,0,0,0,NA,0,NA,0,1,1,0,1,NA,0,NA,0,1,1,0,0,NA,0,NA,0,0,0,0,0,NA,0,NA,0,0,1,0,1,NA,0,NA,0,1,2,1,0,NA,0,NA,0,1,2,1,0,NA,0
2027-11-12,229,NA,5,25,2,6,2,NA,0,NA,10,28,20,8,7,NA,2,NA,5,15,10,6,4,NA,1,NA,0,5,2,0,0,NA,0,NA,14,13,13,11,9,NA,6,NA,0,0,0,0,0,NA,0,NA,0,0,0,0,1,NA,0,NA,0,0,0,0,0,NA,0,NA,0,0,0,0,0,NA,0,NA,0,1,2,0,0,NA,0,NA,0,1,0,0,0,NA,0,NA,0,1,0,0,0,NA,0
2027-12-12,227,NA,5,25,2,5,2,NA,0,NA,10,27,19,8,7,NA,2,NA,5,16,11,6,4,NA,1,NA,0,5,2,0,0,NA,0,NA,14,13,13,11,8,NA,6,NA,0,0,0,1,0,NA,0,NA,0,2,1,0,0,NA,0,NA,0,0,0,0,0,NA,0,NA,0,0,0,0,0,NA,0,NA,0,0,0,0,1,NA,0,NA,0,1,1,0,0,NA,0,NA,0,1,1,0,0,NA,0
2028-01-12,229,NA,6,24,2,4,1,NA,0,NA,10,27,19,9,8,NA,2,NA,5,17,13,6,4,NA,2,NA,0,5,2,0,0,NA,0,NA,14,13,12,11,8,NA,5,NA,0,0,0,0,0,NA,0,NA,0,1,0,0,0,NA,0,NA,1,0,0,0,0,NA,0,NA,0,0,0,0,0,NA,0,NA,0,0,1,0,0,NA,1,NA,2,1,2,0,0,NA,1,NA,2,1,2,0,0,NA,1
2028-02-12,232,NA,6,24,2,4,1,NA,0,NA,10,28,19,9,8,NA,2,NA,5,20,13,5,6,NA,2,NA,0,4,2,0,0,NA,0,NA,13,12,12,11,8,NA,6,NA,0,1,0,0,0,NA,0,NA,0,0,0,0,0,NA,0,NA,0,0,0,0,0,NA,0,NA,0,1,0,0,0,NA,0,NA,1,1,0,0,0,NA,0,NA,0,3,0,0,2,NA,0,NA,0,2,0,0,1,NA,0
2028-03-12,234,NA,4,23,2,5,1,NA,0,NA,11,31,19,8,8,NA,2,NA,4,21,12,6,6,NA,2,NA,0,4,3,0,0,NA,0,NA,13,13,11,12,8,NA,5,NA,1,0,0,0,0,NA,0,NA,0,0,0,1,0,NA,0,NA,0,0,0,0,0,NA,0,NA,0,0,0,0,0,NA,0,NA,0,0,1,0,0,NA,1,NA,0,2,0,2,0,NA,0,NA,0,2,0,2,0,NA,0
2028-04-12,234,NA,3,22,3,5,1,NA,0,NA,12,31,18,8,8,NA,2,NA,5,20,14,6,6,NA,2,NA,0,4,2,0,0,NA,0,NA,13,14,10,12,8,NA,5,NA,0,0,0,0,0,NA,0,NA,0,1,1,0,0,NA,0,NA,0,1,0,0,0,NA,0,NA,0,0,0,0,0,NA,0,NA,0,0,1,0,0,NA,0,NA,1,0,2,0,0,NA,0,NA,1,0,1,0,0,NA,0
2028-05-12,233,NA,3,22,4,6,1,NA,0,NA,12,31,18,8,7,NA,2,NA,5,18,14,5,6,NA,2,NA,0,4,2,0,0,NA,0,NA,13,14,10,13,8,NA,5,NA,0,1,0,0,0,NA,0,NA,0,0,0,0,1,NA,0,NA,0,1,0,1,0,NA,0,NA,0,0,0,0,0,NA,0,NA,0,0,0,0,0,NA,0,NA,0,1,1,1,0,NA,0,NA,0,1,1,1,0,NA,0
2028-06-12,234,NA,2,23,5,6,1,NA,0,NA,13,30,18,8,7,NA,2,NA,5,18,14,5,6,NA,2,NA,0,5,2,0,0,NA,0,NA,13,13,10,13,8,NA,5,NA,0,0,0,0,0,NA,0,NA,0,2,0,0,0,NA,0,NA,0,0,0,0,0,NA,0,NA,0,0,0,0,0,NA,0,NA,0,1,0,0,0,NA,0,NA,0,3,1,0,0,NA,0,NA,0,2,1,0,0,NA,0
2028-07-12,234,NA,2,22,5,6,1,NA,0,NA,13,30,18,8,6,NA,2,NA,6,19,12,4,6,NA,2,NA,1,5,2,0,0,NA,0,NA,13,14,10,13,9,NA,5,NA,0,1,0,0,0,NA,0,NA,0,0,0,0,1,NA,0,NA,0,0,2,0,0,NA,0,NA,0,0,0,0,0,NA,0,NA,0,0,0,0,0,NA,0,NA,1,1,0,0,1,NA,0,NA,1,1,0,0,1,NA,0
2028-08-12,230,NA,2,21,5,6,1,NA,0,NA,13,30,17,7,6,NA,2,NA,6,20,12,4,3,NA,2,NA,1,5,2,0,0,NA,0,NA,13,15,10,13,9,NA,5,NA,0,1,0,0,0,NA,0,NA,0,1,1,1,0,NA,0,NA,0,0,0,0,1,NA,0,NA,0,0,0,0,0,NA,0,NA,0,0,0,1,0,NA,0,NA,0,1,0,0,0,NA,0,NA,0,1,0,0,0,NA,0
2028-09-12,230,NA,5,20,5,5,1,NA,0,NA,13,28,17,7,6,NA,2,NA,7,22,12,4,3,NA,2,NA,1,5,2,0,0,NA,0,NA,13,15,10,13,8,NA,4,NA,0,1,0,1,0,NA,0,NA,0,2,0,0,0,NA,0,NA,0,0,0,0,0,NA,0,NA,0,0,0,0,0,NA,0,NA,0,0,0,0,1,NA,1,NA,2,1,0,0,0,NA,0,NA,1,1,0,0,0,NA,0
2028-10-12,231,NA,4,21,5,6,2,NA,0,NA,13,26,17,7,6,NA,2,NA,7,22,12,5,3,NA,2,NA,1,5,2,0,0,NA,0,NA,13,15,10,13,8,NA,4,NA,1,0,0,0,0,NA,0,NA,0,2,0,0,0,NA,0,NA,0,1,0,0,0,NA,0,NA,0,0,0,0,0,NA,0,NA,0,0,0,0,0,NA,0,NA,0,1,0,1,1,NA,0,NA,0,1,0,1,1,NA,0
2028-11-12,230,NA,4,21,5,6,2,NA,0,NA,13,26,17,7,6,NA,2,NA,6,22,10,5,3,NA,2,NA,1,5,3,0,0,NA,0,NA,13,16,10,13,8,NA,4,NA,0,0,0,0,0,NA,0,NA,0,0,0,0,0,NA,0,NA,1,0,0,0,0,NA,0,NA,0,0,0,0,0,NA,0,NA,0,0,0,0,0,NA,0,NA,0,0,0,0,0,NA,0,NA,0,0,0,0,0,NA,0
2028-12-12,226,NA,3,21,3,6,2,NA,0,NA,14,26,19,7,6,NA,1,NA,5,22,10,5,3,NA,2,NA,1,5,3,0,0,NA,0,NA,12,15,10,13,8,NA,4,NA,0,0,0,0,0,NA,0,NA,0,0,0,0,0,NA,1,NA,1,0,1,0,0,NA,0,NA,0,0,0,0,0,NA,0,NA,1,1,0,0,0,NA,0,NA,0,0,1,0,0,NA,0,NA,0,0,1,0,0,NA,0
2029-01-12,224,NA,3,20,5,4,2,NA,0,NA,14,26,19,7,6,NA,1,NA,5,20,10,5,4,NA,2,NA,1,6,3,0,0,NA,0,NA,13,14,10,12,8,NA,4,NA,0,1,0,2,0,NA,0,NA,0,0,0,0,0,NA,0,NA,0,1,1,0,0,NA,0,NA,0,0,0,0,0,NA,0,NA,0,1,0,1,0,NA,0,NA,0,1,2,0,1,NA,0,NA,0,1,2,0,1,NA,0
2029-02-12,223,NA,5,21,4,3,2,NA,0,NA,14,26,18,8,7,NA,1,NA,6,18,9,5,3,NA,2,NA,1,7,3,0,0,NA,0,NA,12,14,10,12,8,NA,4,NA,0,1,1,0,0,NA,0,NA,0,0,1,0,0,NA,0,NA,0,2,0,0,1,NA,0,NA,0,0,0,0,0,NA,0,NA,0,1,0,1,0,NA,0,NA,2,3,0,0,1,NA,0,NA,2,2,0,0,1,NA,0
2029-03-12,226,NA,5,20,4,3,2,NA,0,NA,14,29,17,8,7,NA,1,NA,7,20,7,4,3,NA,1,NA,1,7,3,0,0,NA,0,NA,13,15,11,12,8,NA,4,NA,0,0,0,0,0,NA,0,NA,0,0,1,0,0,NA,0,NA,0,0,0,1,0,NA,0,NA,0,0,0,0,0,NA,0,NA,0,0,0,0,0,NA,0,NA,1,3,0,0,0,NA,0,NA,1,3,0,0,0,NA,0
2029-04-12,225,NA,4,20,5,3,3,NA,0,NA,14,29,17,8,7,NA,1,NA,8,17,8,4,2,NA,1,NA,1,7,3,0,0,NA,0,NA,13,15,11,12,8,NA,4,NA,1,0,0,0,0,NA,0,NA,0,1,0,0,0,NA,0,NA,0,3,0,0,1,NA,0,NA,0,0,0,0,0,NA,0,NA,0,0,0,0,0,NA,0,NA,1,1,1,0,1,NA,0,NA,1,1,1,0,1,NA,0
2029-05-12,227,NA,4,22,5,3,3,NA,0,NA,14,29,16,8,7,NA,1,NA,9,18,9,4,3,NA,1,NA,1,7,3,0,0,NA,0,NA,13,14,10,12,7,NA,4,NA,0,0,0,0,0,NA,0,NA,0,0,1,0,0,NA,0,NA,0,0,0,0,0,NA,0,NA,0,0,0,0,0,NA,0,NA,0,1,1,0,1,NA,0,NA,1,2,1,0,1,NA,0,NA,1,2,1,0,1,NA,0
2029-06-12,226,NA,4,20,5,3,3,NA,0,NA,13,31,16,8,6,NA,1,NA,11,15,7,5,3,NA,1,NA,1,8,3,0,0,NA,0,NA,13,15,10,13,7,NA,4,NA,0,0,0,1,0,NA,0,NA,1,0,0,0,1,NA,0,NA,0,0,1,0,0,NA,0,NA,0,0,0,0,0,NA,0,NA,1,0,0,0,0,NA,0,NA,1,0,0,1,0,NA,0,NA,1,0,0,1,0,NA,0
2029-07-12,226,NA,5,19,5,3,3,NA,0,NA,13,32,16,8,6,NA,1,NA,12,14,7,5,3,NA,1,NA,1,8,3,0,0,NA,0,NA,13,14,10,13,7,NA,4,NA,0,0,0,0,0,NA,0,NA,0,0,0,0,0,NA,0,NA,0,1,0,0,0,NA,0,NA,0,0,0,0,0,NA,0,NA,0,1,0,0,0,NA,0,NA,1,0,0,0,0,NA,0,NA,1,0,0,0,0,NA,0
2029-08-12,227,NA,6,16,5,3,3,NA,2,NA,13,34,15,8,6,NA,1,NA,12,15,7,4,3,NA,1,NA,1,8,3,0,0,NA,0,NA,13,14,10,13,7,NA,4,NA,0,1,0,0,0,NA,0,NA,0,0,1,0,0,NA,0,NA,0,0,0,1,0,NA,0,NA,0,0,0,0,0,NA,0,NA,0,0,0,0,0,NA,0,NA,1,1,0,0,0,NA,1,NA,1,1,0,0,0,NA,1
2029-09-12,229,NA,6,16,6,2,3,NA,2,NA,12,33,15,9,6,NA,1,NA,12,15,9,5,3,NA,1,NA,1,8,3,0,0,NA,0,NA,14,13,10,13,7,NA,4,NA,0,0,0,0,0,NA,0,NA,1,1,0,0,0,NA,0,NA,0,1,0,0,0,NA,0,NA,0,0,0,0,0,NA,0,NA,0,1,0,0,0,NA,0,NA,0,1,3,1,0,NA,0,NA,0,1,3,1,0,NA,0
2029-10-12,227,NA,5,15,6,2,4,NA,2,NA,12,31,15,9,6,NA,1,NA,12,16,8,4,3,NA,1,NA,1,8,3,0,0,NA,0,NA,15,13,10,13,8,NA,4,NA,1,0,0,0,0,NA,0,NA,0,3,0,0,0,NA,0,NA,0,0,0,0,0,NA,0,NA,0,0,0,0,0,NA,0,NA,0,0,0,0,0,NA,0,NA,0,1,0,0,1,NA,0,NA,0,1,0,0,1,NA,0
2029-11-12,230,NA,5,16,6,2,4,NA,2,NA,12,31,15,9,6,NA,1,NA,13,16,8,4,3,NA,1,NA,1,9,3,0,0,NA,0,NA,15,13,10,13,8,NA,4,NA,0,0,0,0,0,NA,0,NA,0,1,0,0,0,NA,0,NA,0,0,0,0,0,NA,0,NA,0,0,0,0,0,NA,0,NA,0,0,0,0,0,NA,0,NA,1,2,0,0,0,NA,0,NA,1,2,0,0,0,NA,0
2029-12-12,225,NA,5,14,6,2,4,NA,2,NA,12,30,15,8,6,NA,1,NA,12,15,8,4,3,NA,1,NA,1,10,2,0,0,NA,0,NA,16,13,10,13,8,NA,4,NA,0,1,0,0,0,NA,0,NA,0,2,0,1,0,NA,0,NA,1,0,0,0,0,NA,0,NA,0,0,1,0,0,NA,0,NA,0,0,0,0,0,NA,0,NA,0,0,1,0,0,NA,0,NA,0,0,1,0,0,NA,0
2030-01-12,227,NA,5,17,6,2,4,NA,2,NA,11,30,13,8,5,NA,1,NA,11,17,8,4,3,NA,0,NA,1,10,2,0,0,NA,0,NA,16,15,11,13,8,NA,4,NA,0,0,0,0,0,NA,0,NA,1,0,2,0,1,NA,0,NA,0,0,0,0,0,NA,0,NA,0,0,0,0,0,NA,0,NA,0,0,1,0,0,NA,0,NA,0,4,1,0,0,NA,0,NA,0,3,1,0,0,NA,0
2030-02-12,222,NA,4,17,6,2,4,NA,1,NA,11,31,13,8,5,NA,1,NA,11,14,8,5,2,NA,0,NA,1,11,2,0,0,NA,0,NA,17,14,11,13,6,NA,4,NA,1,0,0,0,0,NA,1,NA,0,0,0,0,0,NA,0,NA,0,1,0,0,0,NA,0,NA,0,1,0,0,0,NA,0,NA,0,1,0,0,2,NA,0,NA,0,1,0,1,0,NA,0,NA,0,1,0,1,0,NA,0
2030-03-12,221,NA,4,16,6,3,4,NA,1,NA,9,32,13,8,5,NA,1,NA,11,11,8,6,2,NA,0,NA,1,13,2,0,0,NA,0,NA,17,14,11,13,6,NA,4,NA,0,0,0,0,0,NA,0,NA,2,0,0,0,0,NA,0,NA,0,1,0,0,0,NA,0,NA,0,0,0,0,0,NA,0,NA,0,0,0,0,0,NA,0,NA,0,0,0,1,0,NA,0,NA,0,0,0,1,0,NA,0
2030-04-12,218,NA,4,15,4,4,4,NA,1,NA,9,31,14,8,5,NA,1,NA,9,11,7,6,2,NA,0,NA,1,13,3,0,0,NA,0,NA,17,15,11,13,6,NA,4,NA,0,1,1,0,1,NA,0,NA,0,1,0,0,0,NA,0,NA,1,1,0,0,0,NA,0,NA,0,0,0,0,0,NA,0,NA,0,0,0,0,0,NA,0,NA,0,1,0,1,1,NA,0,NA,0,1,0,1,1,NA,0
2030-05-12,216,NA,4,14,4,3,4,NA,1,NA,9,31,14,9,5,NA,1,NA,10,10,7,6,2,NA,0,NA,1,13,3,0,0,NA,0,NA,16,15,11,13,6,NA,4,NA,0,0,0,0,0,NA,0,NA,0,1,0,0,0,NA,0,NA,0,1,0,0,0,NA,0,NA,0,0,0,0,0,NA,0,NA,1,0,0,0,0,NA,0,NA,1,0,0,0,0,NA,0,NA,1,0,0,0,0,NA,0
2030-06-12,215,NA,4,14,4,3,5,NA,1,NA,8,29,14,9,5,NA,1,NA,10,11,7,6,3,NA,0,NA,1,12,3,0,0,NA,0,NA,16,15,11,13,6,NA,4,NA,0,0,0,0,0,NA,0,NA,1,3,0,0,0,NA,0,NA,0,0,0,1,0,NA,0,NA,0,1,0,0,0,NA,0,NA,0,0,0,0,0,NA,0,NA,0,1,0,1,1,NA,0,NA,0,1,0,1,1,NA,0
