date,pop_size,A_cubfem,E_cubfem,F_cubfem,L_cubfem,M_cubfem,N_cubfem,S_cubfem,T_cubfem,A_adultfem,E_adultfem,F_adultfem,L_adultfem,M_adultfem,N_adultfem,S_adultfem,T_adultfem,A_cubmale,E_cubmale,F_cubmale,L_cubmale,M_cubmale,N_cubmale,S_cubmale,T_cubmale,A_philomale,E_philomale,F_philomale,L_philomale,M_philomale,N_philomale,S_philomale,T_philomale,A_dispmale,E_dispmale,F_dispmale,L_dispmale,M_dispmale,N_dispmale,S_dispmale,T_dispmale,A_cubfem_dead,E_cubfem_dead,F_cubfem_dead,L_cubfem_dead,M_cubfem_dead,N_cubfem_dead,S_cubfem_dead,T_cubfem_dead,A_adultfem_dead,E_adultfem_dead,F_adultfem_dead,L_adultfem_dead,M_adultfem_dead,N_adultfem_dead,S_adultfem_dead,T_adultfem_dead,A_cubmale_dead,E_cubmale_dead,F_cubmale_dead,L_cubmale_dead,M_cubmale_dead,N_cubmale_dead,S_cubmale_dead,T_cubmale_dead,A_philomale_dead,E_philomale_dead,F_philomale_dead,L_philomale_dead,M_philomale_dead,N_philomale_dead,S_philomale_dead,T_philomale_dead,A_dispmale_dead,E_dispmale_dead,F_dispmale_dead,L_dispmale_dead,M_dispmale_dead,N_dispmale_dead,S_dispmale_dead,T_dispmale_dead,A_mothers,E_mothers,F_mothers,L_mothers,M_mothers,N_mothers,S_mothers,T_mothers,A_fathers,E_fathers,F_fathers,L_fathers,M_fathers,N_fathers,S_fathers,T_fathers
1996-04-12,178,4,4,3,4,8,1,0,2,13,4,5,12,15,6,5,5,11,3,1,5,8,6,0,2,13,2,4,8,14,3,5,2,0,0,0,0,0,0,0,0,0,0,0,0,0,0,0,0,0,0,0,0,0,0,0,0,0,0,0,0,0,0,0,0,0,0,0,0,0,0,0,0,0,0,0,0,0,0,0,0,0,0,0,0,0,0,0,0,0,0,0,0,0,0,0,0
1996-05-12,193,11,4,3,2,6,0,1,2,13,4,5,14,16,7,5,5,13,3,3,5,7,7,1,2,11,2,4,8,8,2,1,2,5,2,1,4,2,2,0,0,0,0,0,0,1,0,0,0,0,0,0,0,0,0,0,0,0,0,0,0,0,0,0,0,0,0,0,0,0,1,0,0,0,0,0,0,0,0,0,0,6,0,1,0,0,1,1,0,4,0,1,0,0,1,1,0
1996-06-12,197,10,4,3,2,5,0,4,2,14,4,5,14,16,7,5,5,12,3,5,5,7,6,1,2,11,2,4,8,8,2,1,2,5,2,1,5,2,2,0,1,0,0,0,0,1,0,0,0,0,0,0,0,0,0,0,0,0,0,0,0,0,0,0,0,0,0,0,0,0,0,0,0,0,0,0,0,0,0,0,0,0,0,1,0,0,0,2,0,0,0,1,0,0,0,1,0
1996-07-12,195,11,4,3,1,5,0,5,2,14,4,5,14,16,7,5,5,11,3,5,5,6,6,1,2,10,2,3,8,8,2,1,2,5,2,2,5,2,2,0,1,0,0,0,0,0,0,0,0,0,0,0,1,0,0,0,0,1,0,0,0,1,0,0,0,0,0,1,0,0,0,0,0,0,0,0,0,0,0,0,0,1,0,0,0,0,0,1,0,1,0,0,0,0,0,1,0
1996-08-12,195,12,4,3,1,5,0,5,2,14,4,5,13,14,7,5,5,13,2,5,5,6,6,2,2,10,2,3,8,7,2,1,2,5,2,2,7,1,2,0,1,0,0,0,0,0,0,0,0,0,0,0,1,2,0,0,0,0,0,0,0,0,0,0,0,0,0,0,0,1,0,0,0,0,0,0,0,1,0,0,0,2,0,0,0,0,0,1,0,2,0,0,0,0,0,1,0
1996-09-12,197,12,5,3,1,5,0,5,2,14,4,5,13,13,7,5,5,14,3,5,6,6,6,2,1,10,2,3,8,7,2,1,2,5,2,2,7,1,2,0,1,0,0,0,0,0,0,0,0,0,0,0,0,1,0,0,0,0,0,0,0,0,0,0,1,0,0,0,0,0,0,0,0,0,0,0,0,0,0,0,0,1,1,0,1,0,0,0,0,1,1,0,1,0,0,0,0
1996-10-12,193,9,5,3,1,5,0,5,2,17,4,5,13,11,6,5,5,14,1,5,6,5,6,2,1,10,2,3,8,7,2,1,2,5,3,2,7,1,2,1,1,0,0,0,0,0,0,0,0,0,0,0,0,2,1,0,0,0,1,0,0,1,0,0,0,0,0,0,0,0,0,0,0,0,0,0,0,0,0,0,0,1,0,0,0,0,0,0,0,1,0,0,0,0,0,0,0
1996-11-12,195,11,5,3,1,5,0,5,2,17,4,4,13,11,6,5,5,15,1,5,6,6,5,2,1,10,2,3,8,7,2,1,2,5,3,2,7,1,2,1,1,0,0,0,0,0,0,0,0,0,0,1,0,0,0,0,0,0,0,0,0,1,1,0,0,0,0,0,0,0,0,0,0,0,0,0,0,0,0,0,0,2,0,0,0,1,0,0,0,2,0,0,0,1,0,0,0
1996-12-12,196,11,4,4,2,5,0,5,2,16,4,4,11,10,6,5,5,16,3,5,7,6,4,2,1,10,2,3,8,7,2,1,2,5,3,3,7,1,2,1,1,0,1,0,0,0,0,0,0,1,0,0,2,1,0,0,0,0,0,0,0,0,0,0,0,0,0,0,0,0,0,0,0,0,0,0,0,0,0,0,0,1,1,1,1,0,0,0,0,1,1,1,1,0,0,0,0
1997-01-12,197,11,4,4,2,5,1,5,1,16,4,4,11,10,6,5,6,16,3,5,8,6,4,2,0,10,2,3,7,7,2,1,1,5,3,4,7,1,2,2,1,0,0,0,0,0,0,0,0,0,0,0,0,0,0,0,0,0,0,0,0,0,1,0,1,0,0,0,1,0,0,0,0,0,0,0,0,0,0,0,0,0,0,0,1,0,2,0,0,0,0,0,1,0,1,0,0
1997-02-12,200,11,4,4,2,5,1,5,3,16,4,5,11,9,6,5,6,16,3,5,8,6,4,3,0,9,2,3,7,7,2,1,1,5,3,4,7,1,3,2,1,0,0,1,0,1,0,0,0,0,0,0,0,1,0,0,0,0,0,0,0,0,0,0,0,1,0,0,0,0,0,0,0,0,0,0,0,0,0,0,0,0,0,2,0,1,0,1,1,0,0,2,0,1,0,1,1
1997-03-12,199,11,3,4,2,5,1,5,3,16,5,5,11,9,6,5,6,16,3,4,8,4,4,3,0,9,2,3,7,6,2,1,1,8,3,4,7,1,3,2,1,0,0,0,0,0,0,0,0,0,0,0,0,0,0,0,0,0,0,1,1,0,0,0,0,0,0,0,0,0,0,0,0,0,0,0,0,0,0,0,0,0,0,0,1,0,0,0,0,0,0,0,1,0,0,0,0
1997-04-12,201,11,3,4,2,5,2,5,4,16,5,5,11,9,6,5,6,14,3,6,7,5,4,3,0,9,2,3,7,5,2,1,1,8,3,5,7,1,3,2,1,0,0,0,0,0,0,0,0,0,0,0,0,0,0,0,0,2,0,0,0,1,0,0,0,0,0,0,0,1,0,0,0,0,0,0,0,1,0,0,0,0,0,1,0,1,1,0,1,0,0,1,0,1,1,0,1
1997-05-12,204,12,3,4,2,6,2,6,3,16,5,5,10,10,6,5,7,14,3,6,7,5,3,4,0,9,2,3,7,5,2,1,1,8,3,5,7,1,3,2,1,0,0,0,0,0,0,0,0,0,0,0,1,0,0,0,0,1,0,0,1,0,1,0,0,0,0,0,0,0,0,0,0,0,0,0,0,0,0,0,0,2,0,0,1,1,0,1,0,1,0,0,1,1,0,1,0
1997-06-12,208,13,3,4,2,6,2,7,3,16,5,5,10,10,6,5,7,17,3,6,7,5,3,4,0,8,2,3,7,5,2,1,1,8,3,5,7,1,3,2,1,0,0,0,0,0,0,0,0,0,0,0,0,0,0,0,0,0,0,0,0,0,0,0,0,1,0,0,0,0,0,0,0,0,0,0,0,0,0,0,0,3,0,0,0,0,0,1,0,2,0,0,0,0,0,1,0
1997-07-12,213,13,3,4,0,7,2,7,3,16,6,5,11,10,6,5,7,17,3,9,6,6,3,4,2,8,2,3,7,4,2,1,1,8,3,5,7,1,3,2,1,0,0,1,1,0,0,0,0,0,0,0,0,0,0,0,0,0,0,0,1,0,0,0,0,0,0,0,0,1,0,0,0,0,0,0,0,0,0,0,0,0,1,2,0,2,0,0,2,0,1,1,0,2,0,0,1
1997-08-12,212,14,3,4,0,7,2,7,3,16,6,5,10,9,6,4,7,18,2,9,5,7,2,4,2,8,2,3,8,4,2,1,1,7,4,5,7,1,3,3,1,0,0,0,0,0,0,0,0,0,0,0,1,1,0,1,0,0,1,0,0,0,0,0,0,0,0,0,0,0,0,0,0,0,0,0,0,0,0,0,0,2,0,0,0,1,0,0,0,2,0,0,0,1,0,0,0
1997-09-12,212,14,3,4,0,6,2,10,3,16,6,5,10,9,6,4,7,18,2,8,5,7,2,4,2,8,2,3,7,4,2,1,1,7,4,5,7,1,3,3,1,0,0,0,0,1,0,0,0,0,0,0,0,0,0,0,0,0,0,1,0,0,0,0,0,0,0,0,1,0,0,0,0,0,0,0,0,0,0,0,0,0,0,0,0,0,0,2,0,0,0,0,0,0,0,1,0
1997-10-12,208,14,2,4,0,5,2,10,3,16,6,5,10,9,6,4,7,17,2,8,5,7,1,4,2,8,2,3,7,3,2,1,1,8,4,5,8,1,3,2,1,0,1,0,0,1,0,0,0,0,0,0,0,0,0,0,0,0,0,0,0,0,1,0,0,0,0,0,0,0,0,0,0,0,0,0,0,0,0,1,0,0,0,0,0,0,0,0,0,0,0,0,0,0,0,0,0
1997-11-12,210,15,2,4,0,4,2,10,4,16,6,5,10,10,6,4,7,17,2,8,5,7,3,4,2,8,2,3,7,3,2,1,1,8,3,5,8,1,2,2,1,0,0,0,0,0,0,0,0,0,0,0,0,0,0,0,0,1,0,0,0,0,0,0,0,0,0,0,0,0,0,0,0,1,0,0,0,0,1,0,0,1,0,0,0,0,1,0,1,1,0,0,0,0,1,0,1
1997-12-12,211,15,4,4,0,4,2,10,4,16,6,5,10,9,6,4,7,16,4,7,5,7,3,4,2,9,2,3,6,3,2,1,1,8,3,5,8,1,2,2,1,0,0,0,0,0,0,0,0,0,0,0,0,1,0,0,0,0,0,1,0,0,0,0,0,0,0,0,1,0,0,0,0,0,0,0,0,0,0,0,0,0,2,0,0,0,0,0,0,0,1,0,0,0,0,0,0
1998-01-12,214,16,4,4,0,4,2,10,4,16,6,5,10,9,6,4,7,18,4,7,5,6,4,4,2,9,2,3,6,3,2,1,1,8,3,5,8,1,2,2,1,0,0,0,0,0,0,0,0,0,0,0,0,0,0,0,0,0,0,0,1,0,0,0,0,0,0,0,0,1,0,0,0,0,0,0,0,0,0,0,0,2,0,0,1,0,1,0,0,2,0,0,1,0,1,0,0
1998-02-12,222,17,4,3,2,5,2,11,5,16,6,6,10,9,6,4,7,18,4,7,7,6,4,5,3,9,1,3,6,3,2,1,1,7,3,5,8,1,2,2,1,0,0,0,0,0,0,0,0,0,0,0,0,0,0,0,0,0,0,1,0,0,0,0,0,0,1,0,0,0,0,0,0,1,0,0,0,0,0,0,0,1,0,1,2,1,0,1,1,1,0,1,2,1,0,1,1
1998-03-12,223,19,4,3,2,5,2,10,5,16,6,6,10,9,6,4,7,19,4,7,7,6,4,5,3,9,1,2,6,3,2,1,1,7,3,5,8,1,2,2,1,0,0,0,0,0,0,1,0,0,0,0,0,0,0,0,0,1,0,0,0,0,0,0,0,0,0,1,0,0,0,0,0,0,0,0,0,0,0,0,0,3,0,0,0,0,0,0,0,3,0,0,0,0,0,0,0
1998-04-12,225,19,4,6,2,5,3,9,5,15,6,6,10,9,6,4,7,19,4,7,7,5,5,5,3,9,1,2,5,3,2,1,1,7,3,5,8,2,2,2,1,0,0,0,0,0,0,1,0,1,0,0,0,0,0,0,0,0,0,0,0,1,0,0,0,0,0,0,0,0,0,0,0,0,0,0,0,0,0,0,0,0,0,2,0,0,1,0,0,0,0,2,0,0,1,0,0
1998-05-12,226,12,4,6,2,6,3,9,5,21,6,6,10,9,5,4,7,16,4,5,7,5,5,6,4,10,1,2,5,3,2,1,1,7,4,6,8,3,2,2,2,0,0,0,0,0,0,0,0,1,0,0,0,0,1,0,0,0,0,0,0,0,0,0,0,1,0,0,0,0,0,0,0,0,0,0,0,0,0,0,0,0,0,0,0,1,0,1,1,0,0,0,0,1,0,1,1
1998-06-12,229,13,4,6,2,6,4,6,5,21,6,6,10,9,5,7,7,16,4,5,7,7,6,6,4,10,1,1,5,2,2,1,1,7,4,6,8,3,2,2,2,0,0,0,0,0,0,0,0,0,0,0,0,0,0,0,0,0,0,0,0,0,0,0,0,0,0,1,0,1,0,0,0,0,0,0,0,0,0,0,0,1,0,0,0,1,1,0,0,1,0,0,0,1,1,0,0
1998-07-12,228,13,4,5,3,6,4,5,5,21,6,6,10,9,4,8,7,16,4,4,8,7,6,6,4,10,1,1,5,2,2,1,1,7,4,6,8,3,2,2,2,0,0,1,0,0,0,0,0,1,0,0,0,0,1,0,0,1,0,1,0,0,0,0,0,0,0,0,0,0,0,0,0,0,0,0,0,0,0,0,0,1,0,0,1,0,0,0,0,1,0,0,1,0,0,0,0
1998-08-12,224,12,4,5,3,6,4,5,5,22,6,6,10,8,4,8,7,14,4,4,6,6,6,5,4,10,1,1,5,2,2,1,1,8,4,7,8,4,2,2,2,0,0,0,0,0,0,0,0,0,0,0,0,1,0,0,0,0,0,0,2,1,0,0,0,0,0,0,0,0,0,0,0,0,0,0,0,0,0,0,0,0,0,0,0,0,0,0,0,0,0,0,0,0,0,0,0
1998-09-12,228,12,3,7,3,6,4,5,5,21,7,6,10,8,4,8,7,14,4,4,6,6,6,6,4,10,1,1,5,2,2,1,1,8,4,7,8,4,2,3,3,0,0,0,0,0,0,0,0,1,0,0,0,0,0,0,0,0,0,0,0,0,0,0,0,0,0,0,0,0,0,0,0,0,0,0,0,0,0,0,0,1,1,1,0,0,0,1,0,1,1,1,0,0,0,1,0
1998-10-12,229,12,3,7,3,6,4,5,5,21,7,6,10,8,4,8,7,13,4,4,5,6,6,8,4,10,1,1,5,2,2,1,1,8,4,8,8,4,2,3,3,1,0,0,0,0,0,0,0,0,0,0,0,0,0,0,0,0,0,0,1,0,0,0,0,0,0,0,0,0,0,0,0,0,0,0,0,0,0,0,0,1,0,0,0,0,0,1,0,1,0,0,0,0,0,1,0
1998-11-12,234,13,3,7,4,7,3,6,5,22,7,6,10,8,4,8,7,12,4,4,5,4,6,9,4,10,1,1,5,3,2,1,1,9,4,8,8,4,2,3,4,0,0,0,0,1,1,0,0,1,0,0,0,0,0,0,0,0,0,0,0,0,0,0,0,0,0,0,0,0,0,0,0,0,0,0,0,0,0,0,0,2,0,0,1,1,0,1,0,2,0,0,1,1,0,1,0
1998-12-12,238,13,4,7,4,7,4,6,6,22,7,6,10,8,4,8,7,13,3,4,4,3,7,9,5,9,1,1,5,3,2,1,1,10,4,8,9,4,2,3,4,0,0,0,0,0,0,0,0,0,0,0,0,0,0,0,0,1,0,0,0,1,0,0,0,1,0,0,0,0,0,0,0,0,0,0,0,0,0,0,0,1,1,0,0,0,1,0,2,1,1,0,0,0,1,0,1
1999-01-12,240,14,3,9,4,7,4,6,6,22,7,6,9,8,4,8,7,12,5,5,3,3,7,9,5,9,1,1,5,3,2,1,1,10,4,8,8,4,2,4,4,0,1,0,0,1,0,0,0,0,0,0,1,0,0,0,0,1,0,0,0,0,0,0,0,0,0,0,0,0,0,0,0,0,0,0,1,0,0,0,0,1,1,2,0,1,0,0,0,1,1,1,0,1,0,0,0
1999-02-12,238,12,3,7,4,6,5,6,4,22,7,8,9,8,3,8,9,13,5,5,3,3,7,8,5,9,1,1,5,3,2,1,1,11,4,8,8,4,2,4,4,2,0,0,0,0,0,0,0,0,0,0,0,1,1,0,0,0,0,0,0,0,1,0,0,0,0,0,0,0,0,0,0,0,0,0,0,0,0,0,0,1,0,0,0,0,2,0,0,1,0,0,0,0,1,0,0
1999-03-12,237,12,3,7,4,6,5,6,4,22,7,8,9,8,3,8,9,13,7,4,3,3,6,8,5,8,1,1,5,3,1,1,1,12,4,8,8,4,2,4,4,0,0,0,0,0,0,0,0,0,0,0,0,0,0,0,0,0,0,1,0,0,1,0,0,1,0,0,0,0,0,0,0,0,0,0,0,0,0,0,0,0,1,0,0,0,0,0,0,0,1,0,0,0,0,0,0
1999-04-12,240,13,3,7,4,6,4,7,3,22,7,8,9,8,4,8,10,13,7,3,3,2,6,9,5,8,1,2,5,3,1,1,1,13,4,8,8,4,2,4,4,0,0,0,0,0,0,0,0,0,0,0,0,0,0,0,0,0,0,0,0,0,0,0,0,0,0,0,0,0,0,0,0,0,0,0,0,0,0,0,0,1,0,0,0,0,0,1,0,1,0,0,0,0,0,1,0
1999-05-12,250,16,3,8,5,4,4,6,2,22,7,8,9,10,4,9,10,14,7,4,5,2,6,8,5,8,1,2,5,3,1,1,1,13,4,9,8,4,3,5,4,0,0,0,0,0,0,0,1,0,0,0,0,0,0,0,0,0,0,0,0,0,0,0,0,0,0,0,0,0,0,0,0,0,0,0,0,0,0,0,0,3,0,1,3,0,0,0,0,2,0,1,2,0,0,0,0
1999-06-12,250,14,3,8,5,4,4,6,2,23,7,8,9,10,4,9,10,11,7,4,5,3,6,8,6,9,1,2,5,3,1,1,1,13,4,9,8,3,3,6,5,1,0,0,0,0,0,0,0,0,0,0,0,0,0,0,0,0,0,0,0,0,0,0,0,0,0,0,0,0,0,0,0,0,0,0,0,1,0,0,0,0,0,0,0,1,0,0,1,0,0,0,0,1,0,0,1
1999-07-12,255,14,3,8,5,4,4,9,3,23,7,8,9,11,4,9,10,11,7,3,5,2,5,9,4,9,1,2,5,3,1,1,2,15,5,9,8,3,3,6,5,0,0,0,0,0,0,0,0,0,0,0,0,0,0,0,0,0,0,0,0,0,1,0,0,0,0,0,0,0,0,0,0,0,0,0,0,0,0,0,0,0,0,0,0,1,0,3,1,0,0,0,0,1,0,2,1
1999-08-12,261,14,4,11,5,4,4,8,3,22,7,8,9,11,4,9,10,11,8,5,5,3,5,9,4,9,1,2,5,3,1,1,2,15,5,9,8,3,3,6,5,0,0,0,0,0,0,1,0,1,0,0,0,0,0,0,0,1,0,0,0,0,0,0,0,0,0,0,0,0,0,0,0,0,0,0,0,0,0,0,0,1,1,3,0,1,0,0,0,1,1,2,0,1,0,0,0
1999-09-12,264,14,4,13,5,3,4,6,3,22,7,8,9,11,4,12,10,12,8,5,5,3,5,10,4,9,1,2,5,3,1,1,2,15,4,9,8,3,3,6,5,1,0,0,0,1,0,0,0,0,0,0,0,0,0,0,0,0,0,0,0,0,0,0,0,0,0,0,0,0,0,0,0,0,1,0,0,0,0,0,0,1,0,1,0,0,0,1,0,1,0,1,0,0,0,1,0
1999-10-12,271,14,4,13,6,5,4,6,4,22,7,8,9,11,4,12,10,11,9,5,5,6,5,10,4,9,1,2,5,3,1,1,2,15,4,9,8,3,3,6,5,0,0,0,0,0,0,0,0,0,0,0,0,0,0,0,0,3,0,0,0,0,0,0,0,0,0,0,0,0,0,0,0,0,0,0,0,0,0,0,0,1,1,0,1,3,0,0,1,1,1,0,1,3,0,0,1
1999-11-12,268,13,4,13,6,7,5,5,4,23,6,8,9,11,4,12,10,11,8,5,4,7,3,9,4,9,1,2,5,3,2,1,2,13,4,9,8,4,3,6,5,0,0,0,0,0,0,1,0,0,1,0,0,0,0,0,0,0,1,0,1,0,0,1,0,0,0,0,0,0,0,0,0,2,0,0,0,0,0,0,0,0,0,0,0,2,1,0,0,0,0,0,0,2,1,0,0
1999-12-12,270,16,2,15,6,7,5,5,4,23,8,8,9,10,4,12,10,10,7,6,4,7,3,9,4,8,1,2,5,3,2,1,2,14,4,8,8,4,3,6,5,0,0,0,0,0,0,0,1,0,0,0,0,1,0,0,0,1,0,0,0,0,0,0,0,1,0,0,0,0,0,0,0,0,0,1,0,0,0,0,0,2,0,2,0,0,0,0,1,2,0,2,0,0,0,0,1
2000-01-12,274,16,3,15,6,7,5,5,6,23,8,8,9,10,4,11,10,10,7,6,4,7,3,9,6,8,1,2,5,3,2,1,2,14,4,7,8,4,3,6,6,0,0,0,0,0,0,0,0,0,0,0,0,0,0,1,0,0,0,1,0,0,0,0,0,0,0,0,0,0,0,0,0,0,0,1,0,0,0,0,0,1,1,1,0,0,0,0,3,1,1,1,0,0,0,0,2
2000-02-12,277,16,3,15,4,8,5,5,6,23,8,8,11,9,4,12,10,11,7,6,4,7,3,9,5,8,1,2,5,3,1,1,2,14,4,8,8,4,3,6,8,0,0,0,0,0,0,0,0,0,0,0,0,1,0,0,0,0,0,0,0,0,0,0,0,0,0,0,0,0,1,0,0,0,0,0,0,0,0,0,0,1,0,0,1,1,0,1,0,1,0,0,1,1,0,1,0
2000-03-12,279,14,3,15,4,8,6,5,6,25,8,8,11,9,4,12,10,9,8,6,4,7,4,9,5,8,1,2,5,3,1,1,2,14,4,8,8,4,3,6,9,0,0,0,0,0,0,0,0,0,0,0,0,0,0,0,0,1,0,0,0,0,0,0,0,0,0,0,0,0,0,0,0,0,0,0,0,0,0,0,0,0,1,0,0,0,1,0,0,0,1,0,0,0,1,0,0
2000-04-12,281,15,3,12,5,8,5,5,6,25,8,11,11,9,5,12,10,9,8,6,3,7,3,10,7,8,1,2,5,2,1,1,2,14,3,8,9,4,3,6,9,0,0,0,0,0,0,0,0,0,0,0,0,0,0,0,0,0,0,0,1,0,0,0,0,0,0,0,0,1,0,0,0,0,1,0,0,0,0,0,0,1,0,0,1,0,0,1,1,1,0,0,1,0,0,1,1
2000-05-12,280,15,4,12,5,8,5,5,6,25,7,11,11,8,5,12,10,10,8,6,3,7,3,8,6,8,1,2,5,2,1,1,2,15,3,9,10,4,2,6,9,0,0,1,0,0,0,0,0,0,1,0,0,1,0,0,0,0,1,0,0,0,0,0,0,0,0,0,0,0,0,0,0,0,0,0,0,0,1,0,0,1,1,1,0,0,0,0,0,1,1,1,0,0,0,0,0
2000-06-12,280,14,4,14,5,8,4,5,7,25,7,10,11,8,6,12,10,9,8,6,3,6,2,8,6,8,1,2,5,2,2,1,2,15,3,10,10,4,2,6,9,0,0,0,0,0,0,0,0,1,0,1,0,0,0,0,0,1,0,0,0,0,0,0,0,0,0,0,0,0,0,0,0,0,0,0,0,0,0,0,0,0,0,2,0,0,0,0,1,0,0,1,0,0,0,0,1
2000-07-12,280,14,4,14,4,8,4,5,8,25,7,10,12,8,6,12,10,10,8,6,3,6,2,8,5,7,1,2,5,2,2,1,2,15,3,11,9,4,2,6,9,0,0,0,0,1,0,0,0,0,0,0,0,0,0,0,0,0,0,0,0,1,0,0,1,0,0,0,0,0,0,0,0,0,0,0,1,0,0,0,0,1,0,0,0,1,0,0,1,1,0,0,0,1,0,0,1
2000-08-12,293,17,3,14,4,10,5,7,9,25,7,10,12,8,6,12,10,15,9,6,3,6,2,9,5,7,1,2,5,2,2,1,2,15,3,10,9,3,2,6,9,0,1,0,0,1,1,0,0,0,0,0,0,0,0,0,0,0,0,0,0,0,0,0,0,0,0,0,0,0,0,0,0,0,0,1,0,1,0,0,0,5,1,0,0,2,1,2,1,4,1,0,0,1,1,2,1
2000-09-12,296,18,3,11,4,11,5,9,9,25,7,12,12,8,6,11,10,15,9,7,3,6,2,9,4,7,1,2,5,2,2,1,2,16,3,10,9,3,2,6,9,0,0,1,0,0,0,0,0,0,0,0,0,0,0,1,0,0,0,0,0,1,0,0,1,0,0,0,0,0,0,0,0,0,0,0,0,0,0,0,0,1,0,1,0,1,0,2,0,1,0,1,0,1,0,2,0
2000-10-12,296,16,3,10,4,11,5,9,9,26,7,12,12,8,6,11,10,15,9,9,4,6,3,8,4,7,1,2,4,2,2,1,2,17,3,10,9,3,2,6,8,1,0,1,0,0,1,0,0,0,0,0,0,0,0,0,0,0,0,0,0,0,0,0,0,0,0,0,1,0,0,0,0,0,0,0,0,0,0,0,1,0,0,1,1,0,1,0,0,0,0,1,1,0,1,0,0
2000-11-12,295,13,3,10,3,9,5,9,9,29,7,12,13,9,6,11,10,15,9,10,4,6,3,7,4,7,1,2,4,2,2,2,2,16,3,10,9,3,2,6,8,0,0,0,0,1,0,0,0,0,0,0,0,0,0,0,0,0,0,0,0,0,0,0,0,0,0,0,0,0,0,0,0,1,0,0,0,0,0,0,0,0,0,1,0,0,0,0,0,0,0,1,0,0,0,0,0
2000-12-12,300,14,2,10,4,9,5,9,8,29,8,12,13,9,6,11,10,16,9,10,6,6,3,7,5,7,1,2,4,1,2,2,2,17,3,10,9,3,2,6,8,0,0,0,0,0,0,0,0,0,0,0,0,0,0,0,1,0,0,0,0,0,0,0,0,1,0,0,0,0,0,0,0,0,0,0,0,0,0,0,0,2,0,0,2,0,0,0,1,1,0,0,2,0,0,0,1
2001-01-12,304,13,4,10,5,9,4,10,8,30,8,13,13,9,6,11,10,16,7,10,6,6,3,7,5,7,1,3,4,1,2,2,2,17,3,10,9,3,2,7,8,0,0,0,0,0,1,0,0,0,0,0,0,0,0,0,0,1,0,0,0,0,0,0,0,0,0,0,0,0,0,0,0,0,0,1,0,0,0,0,0,1,1,1,1,0,0,1,0,1,1,1,1,0,0,1,0
2001-02-12,307,13,4,11,6,9,4,11,8,30,8,12,13,9,6,11,9,14,7,12,7,5,2,8,5,7,1,3,4,1,2,2,2,17,3,10,9,5,2,7,8,0,0,0,0,0,0,0,0,0,0,1,0,0,0,0,1,1,0,0,0,2,0,0,0,0,0,0,0,0,0,0,0,0,0,0,0,0,0,0,0,0,0,2,1,1,0,1,0,0,0,2,1,1,0,1,0
2001-03-12,313,16,5,12,6,8,4,11,8,30,8,12,13,9,5,11,9,16,5,11,8,5,2,8,7,7,1,3,3,1,2,2,2,18,3,10,10,5,2,7,8,0,0,0,0,1,0,0,0,0,0,0,0,0,1,0,0,0,0,1,0,0,0,0,0,0,0,0,1,0,0,0,0,0,0,0,0,0,0,0,0,3,1,1,1,0,0,0,1,3,1,1,1,0,0,0,1
2001-04-12,315,15,5,12,6,9,4,11,8,31,8,12,12,9,5,11,9,16,6,11,8,6,2,7,7,7,1,2,3,1,2,2,2,19,3,11,10,5,2,7,8,0,0,0,0,0,0,0,0,0,0,0,1,0,0,0,0,0,0,0,0,0,0,0,0,0,0,0,0,0,0,0,0,0,0,0,0,0,0,0,0,0,1,0,0,1,0,0,0,0,1,0,0,1,0,0,0
2001-05-12,318,15,5,13,5,8,4,12,8,33,8,12,13,9,5,11,9,17,6,11,6,6,2,7,7,8,1,1,3,1,1,2,2,20,3,12,10,5,2,7,8,0,0,0,0,1,0,0,0,1,0,0,0,0,0,0,0,0,0,1,0,0,0,0,0,0,0,1,0,0,1,0,0,0,0,0,0,0,0,0,0,4,0,1,0,0,0,1,0,3,0,1,0,0,0,1,0
2001-06-12,322,15,5,13,5,7,4,13,8,33,8,12,13,8,5,11,9,17,6,13,8,6,2,7,8,8,1,1,3,1,1,2,2,19,3,12,11,5,2,7,8,0,0,0,0,1,0,0,0,0,0,0,0,1,0,0,0,0,0,0,0,0,0,0,0,0,0,0,0,0,0,0,0,1,0,0,0,0,0,0,0,0,0,2,2,0,0,1,2,0,0,2,2,0,0,1,2
2001-07-12,326,17,7,13,5,8,4,10,7,33,8,12,13,8,5,14,10,16,6,13,9,6,3,6,7,8,1,1,3,0,1,2,2,20,3,12,11,5,2,7,8,0,0,0,0,0,1,0,0,0,0,0,0,0,0,0,0,1,0,0,0,1,0,0,1,0,0,0,0,1,0,0,0,0,0,0,0,0,0,0,0,2,1,0,1,1,1,0,0,2,1,0,1,1,1,0,0
2001-08-12,326,18,7,11,5,8,4,10,7,33,7,15,12,8,4,13,10,17,5,13,9,6,3,6,7,8,1,1,3,0,1,2,1,20,3,13,11,5,2,8,9,0,0,0,0,0,0,0,0,0,1,0,1,0,1,1,0,0,0,0,0,0,0,0,0,0,0,0,0,0,0,0,1,0,0,0,0,0,0,0,0,1,0,2,0,0,0,0,0,1,0,2,0,0,0,0,0
2001-09-12,325,17,7,10,5,8,3,10,7,34,7,16,12,7,4,14,10,16,6,14,9,6,3,5,7,8,1,1,3,0,1,2,1,19,3,13,11,6,2,7,10,0,0,0,0,0,1,1,0,0,0,0,0,1,0,0,0,0,0,0,0,0,0,0,0,0,0,0,0,0,0,0,0,1,0,0,0,0,0,1,0,0,1,1,0,0,0,1,0,0,1,1,0,0,0,1,0
2001-10-12,321,18,7,10,4,7,3,11,6,32,7,16,12,7,4,14,11,14,5,13,9,4,3,5,7,8,1,1,3,0,1,2,1,18,3,16,12,6,2,8,10,0,0,0,0,0,0,0,0,2,0,0,1,1,0,0,0,0,0,1,0,0,0,0,0,0,0,0,0,0,0,0,0,1,0,0,0,0,0,0,0,1,0,0,0,0,0,1,0,1,0,0,0,0,0,1,0
2001-11-12,324,19,7,10,4,6,3,11,6,32,7,16,12,8,4,14,11,14,5,15,9,6,3,5,7,8,1,1,3,0,1,2,1,18,3,15,11,6,2,8,10,0,0,0,0,0,0,0,0,0,0,0,0,0,0,0,0,0,0,0,0,0,0,0,0,0,0,0,0,0,0,0,0,0,0,1,1,0,0,0,0,1,0,1,0,1,0,0,0,1,0,1,0,1,0,0,0
2001-12-12,328,18,7,7,4,6,3,12,5,34,7,18,12,8,4,14,12,14,5,14,8,8,5,5,7,8,1,1,3,0,1,2,1,18,3,15,11,6,2,8,11,0,0,1,0,0,0,0,0,0,0,0,0,0,0,0,0,0,0,0,1,0,0,0,0,0,0,0,0,0,0,0,0,0,0,0,0,0,0,0,0,1,0,0,0,2,1,1,0,1,0,0,0,1,1,1,0
2002-01-12,333,21,6,8,5,6,3,12,4,34,7,18,12,8,4,14,14,15,5,13,8,8,5,5,7,7,1,1,3,0,1,2,1,18,3,15,12,6,2,8,11,1,0,0,0,0,0,0,1,0,1,0,0,0,0,0,0,0,0,0,0,0,0,0,0,1,0,0,0,0,0,0,0,0,0,0,0,0,0,0,0,3,0,1,1,0,0,0,2,2,0,1,1,0,0,0,2
2002-02-12,333,21,6,9,5,5,2,13,4,33,7,18,12,9,4,13,14,15,5,14,7,8,5,6,8,7,1,1,3,0,1,2,1,18,3,14,12,6,2,8,11,0,0,0,0,0,1,0,0,1,0,0,0,0,0,1,0,0,0,0,0,0,0,0,0,1,0,0,0,0,0,0,0,1,0,1,0,1,0,0,0,1,0,1,0,0,0,2,1,1,0,1,0,0,0,2,1
2002-03-12,340,23,6,11,5,5,2,16,4,33,7,18,12,8,3,13,14,16,4,14,7,8,4,7,8,7,1,1,3,0,1,2,1,19,3,14,12,6,2,8,12,0,0,0,0,0,0,0,0,0,0,0,0,1,1,0,0,0,0,0,0,0,0,0,0,0,0,0,0,0,0,0,0,0,0,0,0,0,0,0,0,2,0,1,0,0,0,2,0,1,0,1,0,0,0,2,0
2002-04-12,343,24,6,11,5,6,2,15,4,34,7,16,13,7,3,12,14,19,4,15,8,9,4,6,5,7,1,1,3,0,1,2,1,19,3,16,12,6,2,8,12,0,0,0,0,0,0,2,0,0,0,2,0,1,0,1,0,0,0,0,0,0,0,0,1,0,0,0,0,0,0,0,0,0,0,0,1,0,0,0,0,3,0,1,1,1,0,1,0,3,0,1,1,1,0,1,0
2002-05-12,344,24,5,10,5,5,3,16,4,33,8,16,13,7,3,12,14,20,3,15,8,9,4,7,5,7,1,1,3,0,1,2,1,19,3,16,12,6,2,8,13,0,0,0,0,1,0,0,0,1,0,1,0,0,0,0,0,0,0,1,0,0,0,0,0,0,1,0,0,0,0,0,0,0,0,0,0,0,0,0,0,2,0,1,0,0,1,1,0,2,0,1,0,0,1,1,0
2002-06-12,341,24,5,8,5,5,3,15,4,33,7,16,13,6,3,12,13,22,3,15,8,9,6,7,5,7,1,1,3,0,1,2,1,19,3,16,12,6,2,7,13,0,0,1,0,0,0,1,0,0,1,1,0,1,0,0,1,1,0,0,0,0,0,0,0,0,0,0,0,0,0,0,0,0,0,0,0,0,0,1,0,2,0,0,0,0,1,0,0,2,0,0,0,0,1,0,0
2002-07-12,342,25,7,8,5,5,3,16,3,32,7,14,13,6,3,12,14,21,3,14,8,9,7,7,6,8,1,1,3,0,1,2,1,21,3,15,13,5,2,7,11,0,0,0,0,0,0,0,0,1,0,2,0,0,0,0,0,0,0,1,0,0,0,0,0,0,0,0,0,0,0,0,0,0,0,0,0,1,0,0,0,1,2,0,0,0,1,1,1,1,2,0,0,0,1,1,1
2002-08-12,341,23,7,9,5,3,2,16,2,35,7,14,12,8,4,13,15,19,2,14,7,8,7,6,6,9,1,1,3,0,1,2,1,20,3,15,14,5,2,7,13,0,0,0,0,0,0,0,0,0,0,0,1,0,0,0,0,1,0,0,1,1,0,0,0,0,0,0,0,0,0,0,0,1,0,1,0,0,0,0,0,2,0,1,0,0,0,1,0,2,0,1,0,0,0,1,0
2002-09-12,348,21,7,10,6,2,2,15,2,35,7,14,12,9,4,14,15,22,2,14,8,7,7,7,6,9,1,2,3,0,1,2,1,21,3,15,14,5,2,8,13,2,0,0,0,0,0,0,0,1,0,0,0,0,0,0,0,0,0,0,0,0,0,0,0,0,0,0,0,0,0,0,0,0,0,0,0,0,0,0,0,3,0,1,1,0,0,1,0,3,0,1,1,0,0,1,0
2002-10-12,347,22,7,10,6,2,2,15,2,35,7,13,12,8,4,14,15,23,2,12,7,9,5,7,6,9,1,2,3,0,1,2,1,22,3,15,14,5,2,8,14,0,0,0,0,0,0,0,0,0,0,1,0,1,0,0,0,0,0,1,0,0,1,0,0,0,0,0,0,0,0,0,0,1,0,0,0,0,0,0,0,1,0,0,0,1,0,0,0,1,0,0,0,1,0,0,0
2002-11-12,344,22,7,10,5,2,2,16,3,35,7,13,12,8,4,14,15,21,2,12,7,10,5,6,6,8,1,2,3,0,1,2,1,21,3,15,14,5,2,8,14,1,0,0,1,0,0,0,0,0,0,0,0,0,0,0,0,2,0,1,0,0,0,1,0,1,0,0,0,0,0,0,0,1,0,0,0,0,0,0,0,1,0,1,0,1,0,1,1,1,0,1,0,1,0,1,1
2002-12-12,339,22,7,10,5,2,2,16,3,34,7,13,12,8,4,14,15,19,2,12,6,10,5,5,8,8,1,2,3,0,1,2,1,22,2,15,14,4,2,7,14,1,0,0,0,0,0,0,0,1,0,0,1,0,0,0,0,1,0,0,0,0,0,1,0,1,0,0,0,0,0,0,0,2,1,0,0,1,0,1,0,1,0,0,2,0,0,0,2,1,0,0,1,0,0,0,1
2003-01-12,335,22,5,9,4,2,2,14,3,33,9,14,13,8,4,15,15,18,2,12,6,10,4,5,8,9,1,2,3,0,0,2,1,22,2,15,14,4,2,7,14,0,0,0,0,0,0,1,0,1,0,0,0,0,0,0,0,0,0,0,0,0,1,0,0,0,0,0,0,0,1,0,0,0,0,0,0,0,0,0,0,0,0,0,0,0,0,0,0,0,0,0,0,0,0,0,0
2003-02-12,335,21,5,10,3,2,2,13,3,33,9,15,14,7,4,15,15,19,2,10,6,10,4,6,8,9,1,2,3,0,0,2,0,22,2,15,15,5,2,7,14,1,0,0,0,0,0,1,0,0,0,0,0,1,0,0,0,1,0,0,0,0,0,0,0,0,0,0,0,0,0,0,1,0,0,0,1,0,0,0,0,1,0,1,0,0,0,1,0,1,0,1,0,0,0,1,0
2003-03-12,341,20,4,11,3,2,2,14,3,35,10,15,14,7,4,15,15,18,2,12,6,11,4,6,7,9,1,2,3,0,0,1,0,24,2,15,16,5,2,7,14,0,0,0,0,0,0,0,0,1,0,0,0,0,0,0,0,0,0,0,0,0,0,0,0,1,0,0,0,0,0,1,0,0,0,0,0,0,0,0,0,2,0,3,1,1,0,1,0,2,0,2,1,1,0,1,0
2003-04-12,347,22,4,12,3,1,2,14,4,33,10,15,14,7,4,15,15,20,1,13,6,10,4,6,9,9,1,2,3,0,0,1,0,25,2,15,16,5,2,8,14,0,0,0,0,0,0,0,0,2,0,0,0,1,0,0,0,0,0,0,0,0,0,0,0,0,0,0,0,0,0,0,0,0,0,0,0,0,0,0,0,3,0,2,0,0,0,0,2,1,0,2,0,0,0,0,2
2003-05-12,356,22,4,12,3,1,2,13,4,36,10,16,13,7,4,16,15,21,1,17,6,9,4,8,9,9,1,2,3,0,0,1,0,25,2,15,16,5,1,8,15,0,0,0,0,0,0,0,0,0,0,0,1,0,0,0,0,1,0,0,0,1,0,0,0,0,0,0,0,0,0,0,0,0,0,0,0,0,1,0,0,3,0,3,0,0,0,1,0,2,0,2,0,0,0,1,0
2003-06-12,354,23,4,12,3,1,1,12,5,36,10,16,13,6,4,17,15,21,1,15,4,9,4,8,8,9,1,2,3,0,0,1,0,27,2,16,16,5,1,8,15,0,0,0,0,0,1,0,0,0,0,0,0,1,0,0,0,1,0,1,0,0,0,0,0,0,0,1,0,0,0,0,1,0,0,0,0,0,0,0,0,1,0,0,0,0,0,0,1,1,0,0,0,0,0,0,1
2003-07-12,365,21,3,15,4,1,1,14,5,38,12,16,13,6,4,16,15,21,1,18,4,8,3,10,8,8,1,2,3,0,0,1,0,27,2,16,17,5,1,8,17,0,0,0,0,0,0,1,0,0,0,0,0,0,0,1,0,0,0,0,0,0,0,0,0,0,0,0,0,0,0,0,0,0,0,0,0,0,0,0,0,0,1,3,1,0,0,3,0,0,1,2,1,0,0,2,0
2003-08-12,364,20,3,13,4,1,2,13,5,38,12,15,13,6,4,16,15,22,2,18,4,8,3,10,8,8,1,2,3,0,0,1,0,27,2,16,17,6,1,8,17,1,0,1,0,0,0,1,0,0,0,2,0,0,0,0,0,0,0,0,0,0,0,0,0,0,0,0,0,0,0,0,0,0,0,0,0,0,0,0,0,1,1,1,0,0,1,0,0,1,1,1,0,0,1,0,0
2003-09-12,370,20,4,13,4,1,2,15,5,37,12,15,12,6,4,17,15,26,1,16,4,7,5,11,8,8,1,3,3,0,0,1,0,25,2,16,17,6,1,10,17,0,0,0,0,0,0,0,0,1,0,0,1,0,0,0,0,0,0,1,0,1,0,0,0,0,0,0,0,0,0,0,0,1,0,0,0,0,0,0,0,2,1,0,0,0,1,3,0,1,1,0,0,0,1,3,0
2003-10-12,367,20,4,13,4,1,2,15,5,37,12,15,12,5,3,17,15,27,1,16,4,7,5,11,8,7,1,3,3,0,0,1,0,25,2,15,17,6,1,10,17,0,0,0,0,0,0,0,0,1,0,0,0,1,1,0,0,0,0,0,0,0,0,0,0,1,0,0,0,0,0,0,0,0,0,1,0,0,0,0,0,2,0,0,0,0,0,0,0,2,0,0,0,0,0,0,0
2003-11-12,371,18,4,12,6,2,2,15,5,37,12,15,12,5,3,17,15,30,1,14,5,7,5,11,9,7,1,4,3,0,0,1,0,25,2,15,17,6,1,10,17,1,0,1,0,0,0,0,0,1,0,0,0,0,0,0,0,0,0,1,0,0,0,0,0,0,0,0,0,0,0,0,0,1,0,0,0,0,0,0,0,2,0,0,2,1,0,0,1,2,0,0,2,1,0,0,1
2003-12-12,374,18,5,14,6,2,2,14,6,38,12,15,11,5,3,18,14,30,2,14,5,5,4,11,11,7,1,4,3,0,0,1,0,25,2,13,17,6,1,12,17,0,0,0,0,0,0,0,0,0,0,0,1,0,0,0,1,1,0,1,0,0,0,0,0,0,0,0,0,0,0,0,0,1,0,2,0,0,0,0,0,2,1,2,0,0,0,0,2,1,1,2,0,0,0,0,2
2004-01-12,376,15,5,14,5,2,2,17,4,39,12,16,12,5,3,18,16,29,2,16,5,5,3,12,10,7,1,4,3,0,0,1,0,25,2,13,17,6,1,12,17,1,0,0,0,0,0,0,0,1,0,0,0,0,0,0,0,1,0,1,0,0,1,0,1,0,0,0,0,0,0,0,0,0,0,0,0,0,0,0,1,1,0,3,0,0,0,2,0,1,0,3,0,0,0,2,0
2004-02-12,379,16,5,13,5,2,3,18,4,39,12,17,12,5,3,18,16,29,2,16,5,4,4,11,9,7,1,4,3,0,0,1,1,26,2,13,17,6,1,12,17,0,0,1,0,0,0,0,0,0,0,0,0,0,0,0,0,0,0,0,0,2,0,0,0,0,0,0,0,0,0,0,0,1,0,0,0,0,0,0,0,1,0,1,0,1,1,1,0,1,0,1,0,1,1,1,0
2004-03-12,386,17,5,14,5,2,3,18,4,40,12,17,12,5,3,20,16,32,2,17,6,4,3,10,9,6,1,4,2,0,0,1,1,26,3,13,17,6,1,12,17,0,0,0,0,0,0,0,0,0,0,1,0,0,0,1,0,0,0,0,0,0,1,0,0,1,0,0,1,0,0,0,0,0,0,0,0,0,0,0,0,3,0,3,1,0,0,2,0,2,0,2,1,0,0,2,0
2004-04-12,390,19,6,14,5,1,3,18,4,40,12,17,11,6,3,21,16,32,2,16,6,3,2,11,9,8,1,4,2,0,0,1,1,28,3,13,17,6,1,12,16,1,0,0,0,0,0,0,0,0,0,0,1,0,0,0,0,0,0,1,0,0,1,0,0,0,0,0,0,0,0,0,0,0,0,0,0,0,0,0,1,4,1,0,1,0,0,2,0,2,1,0,1,0,0,2,0
2004-05-12,386,17,6,16,5,1,2,16,4,38,12,16,11,6,4,21,16,30,2,15,6,3,2,13,9,8,1,5,2,0,0,1,1,28,3,13,17,6,1,13,16,2,0,0,0,0,0,1,0,2,0,1,0,0,0,1,0,1,0,0,0,0,0,0,0,0,0,0,0,0,0,0,0,0,0,0,0,0,0,0,0,0,0,1,0,0,0,2,0,0,0,1,0,0,0,2,0
2004-06-12,391,17,6,17,5,1,4,16,5,38,11,16,11,6,4,21,16,29,2,15,6,3,2,14,10,8,1,5,2,0,0,1,1,28,3,13,17,6,1,14,16,0,0,0,0,0,0,0,0,0,1,0,0,0,0,0,0,0,0,0,0,0,0,1,1,0,0,0,0,0,0,0,0,0,0,0,0,0,0,0,0,0,0,1,0,0,1,1,2,0,0,1,0,0,1,1,2
2004-07-12,398,19,4,18,5,1,4,16,7,39,13,16,11,6,4,21,15,31,2,17,6,3,2,13,9,8,1,5,2,0,0,1,1,29,3,12,17,6,1,14,16,0,0,0,0,0,0,0,0,0,0,0,0,0,0,0,1,1,0,0,0,0,0,1,0,0,0,0,0,0,0,0,0,0,0,1,0,0,0,0,0,5,0,3,0,0,0,0,1,4,0,2,0,0,0,0,1
2004-08-12,395,19,4,17,5,1,4,15,7,39,13,16,11,6,4,22,15,29,2,17,6,3,1,12,9,9,1,5,2,0,0,1,1,29,3,13,17,6,1,14,16,0,0,0,0,0,0,0,0,0,0,1,0,0,0,0,0,2,0,0,0,0,1,1,0,0,0,0,0,0,0,0,0,0,0,0,0,0,0,0,0,1,0,0,0,0,0,0,0,1,0,0,0,0,0,0,0
2004-09-12,393,19,4,16,5,1,4,16,7,38,13,17,12,6,4,21,15,27,1,16,5,3,1,11,9,10,0,5,2,0,0,2,1,29,3,13,18,6,2,15,16,1,0,0,0,0,0,0,0,1,0,0,0,0,0,1,0,0,1,0,0,0,0,0,0,0,1,0,0,0,0,0,0,1,0,0,0,0,0,0,0,1,0,0,1,0,0,1,0,1,0,0,1,0,0,1,0
2004-10-12,393,19,5,16,5,1,4,16,7,38,13,16,12,6,4,21,15,27,2,16,4,3,1,11,9,9,0,5,2,0,0,2,1,29,3,13,18,6,2,17,15,1,0,0,0,0,0,0,0,0,0,1,0,0,0,0,0,1,0,0,1,0,0,0,0,1,0,0,0,0,0,0,0,0,0,0,0,0,0,0,0,2,1,0,0,0,0,0,0,2,1,0,0,0,0,0,0
2004-11-12,391,18,5,16,5,1,4,15,7,38,13,15,12,6,4,22,16,26,2,14,4,2,3,12,10,9,0,5,1,0,0,2,1,29,3,13,18,5,3,17,15,0,0,0,0,0,0,0,0,1,0,1,0,0,0,0,0,1,0,1,0,0,0,0,1,0,0,0,1,0,0,0,0,0,0,0,0,1,0,0,1,0,0,0,0,0,1,1,3,0,0,0,0,0,1,1,2
2004-12-12,394,18,5,17,4,1,4,17,7,38,13,15,13,6,4,22,16,28,2,13,3,2,3,12,7,9,0,5,1,0,0,2,1,29,3,14,20,5,3,17,15,0,0,0,0,0,0,0,0,1,0,0,0,0,0,0,0,0,0,1,0,0,0,0,0,0,0,0,0,0,0,0,0,0,0,0,0,1,0,0,0,2,0,1,0,0,0,1,0,2,0,1,0,0,0,1,0
2005-01-12,392,18,5,17,4,1,4,17,7,36,13,14,13,6,4,22,16,30,2,13,3,2,3,11,7,9,0,5,1,0,0,2,1,29,3,13,21,5,3,17,15,1,0,0,0,0,0,0,0,2,0,1,0,0,0,0,0,0,0,0,0,0,0,1,0,0,0,0,0,0,0,0,0,0,0,0,0,0,0,0,0,2,0,0,0,0,0,0,0,2,0,0,0,0,0,0,0
2005-02-12,387,18,5,17,4,1,3,17,8,34,13,15,13,6,4,22,16,26,2,14,3,1,3,10,6,10,0,5,1,0,0,2,1,29,4,13,21,4,3,17,16,0,0,0,0,0,1,0,0,2,0,0,0,0,0,0,0,2,0,0,0,1,0,0,1,0,0,0,0,0,0,0,0,1,0,0,0,0,0,0,0,0,0,1,0,0,0,0,1,0,0,1,0,0,0,0,1
2005-03-12,384,17,6,18,4,1,3,16,8,31,13,16,13,5,4,23,16,27,2,13,2,2,3,9,6,10,0,5,1,0,0,2,1,27,4,14,21,4,4,17,16,0,0,1,0,0,0,1,0,4,0,0,0,1,0,0,0,0,0,1,0,0,0,1,0,0,0,0,0,0,0,0,0,2,0,0,0,0,0,0,0,1,1,3,0,1,0,1,0,1,1,2,0,1,0,1,0
2005-04-12,390,15,8,17,4,1,3,17,7,33,13,17,12,5,4,23,17,26,3,12,2,2,3,9,7,10,0,6,1,0,0,2,2,27,4,14,21,4,4,18,17,1,0,0,0,0,0,0,0,0,0,0,1,0,0,0,0,0,0,0,0,0,0,0,0,0,0,0,0,0,0,0,0,1,0,0,0,0,0,0,0,1,2,0,0,0,0,1,2,1,1,0,0,0,0,1,2
2005-05-12,398,16,10,18,4,2,3,19,9,33,13,17,12,5,4,23,16,24,4,9,2,3,3,8,7,9,0,6,1,0,0,2,2,27,4,14,22,3,4,23,17,0,0,0,0,0,0,0,0,1,0,0,0,0,0,0,1,0,0,1,0,0,0,0,0,1,0,0,0,0,0,0,0,0,0,0,0,0,0,0,0,2,2,1,0,1,0,2,1,1,2,1,0,1,0,2,1
2005-06-12,402,17,10,18,4,2,3,19,9,33,13,17,12,5,4,23,17,26,5,11,3,3,3,8,7,9,0,6,1,0,0,2,2,25,4,13,22,3,4,22,17,0,0,0,0,0,0,0,0,0,0,0,0,0,0,0,0,0,0,0,0,0,0,0,0,0,0,0,0,0,0,0,0,2,0,1,0,0,0,1,0,2,1,2,1,0,0,0,1,1,1,2,1,0,0,0,1
2005-07-12,402,18,9,17,3,2,3,19,9,33,14,19,13,5,3,24,17,25,5,9,3,3,3,8,7,9,0,5,1,0,0,2,2,25,4,13,22,4,4,23,17,0,0,0,0,0,0,0,0,0,0,0,0,0,1,1,0,1,0,1,0,0,0,0,0,0,0,1,0,0,0,0,0,1,0,0,0,0,0,0,0,1,0,1,0,0,0,2,0,1,0,1,0,0,0,2,0
2005-08-12,399,19,9,18,3,2,3,20,10,32,14,19,13,5,3,23,17,22,5,8,3,3,2,9,7,9,0,5,1,0,0,2,2,25,3,13,22,4,4,23,17,0,0,0,0,0,0,1,0,1,0,0,0,0,0,1,0,2,0,0,0,0,1,0,1,1,0,1,0,0,0,0,0,0,1,0,0,0,0,0,0,1,0,1,0,0,0,2,1,1,0,1,0,0,0,2,1
2005-09-12,401,22,8,18,3,2,3,18,10,30,15,19,12,5,3,26,17,22,5,9,3,3,2,9,7,9,0,5,1,0,0,2,2,26,3,13,21,4,4,23,17,0,0,1,0,0,0,0,0,2,0,0,1,0,0,0,0,2,0,0,0,0,0,0,0,0,0,0,0,0,0,0,0,0,0,0,1,0,0,0,0,4,0,1,0,0,0,1,0,3,0,1,0,0,0,1,0
2005-10-12,408,22,11,18,3,2,3,20,12,31,15,19,12,5,2,26,17,21,7,9,3,5,3,9,6,9,0,5,0,0,0,2,2,26,3,12,21,4,4,23,16,0,0,0,0,0,0,0,0,0,0,0,0,0,1,0,0,1,0,0,0,0,0,0,1,0,0,0,1,0,0,0,0,0,0,1,0,0,0,1,1,1,3,0,0,1,1,1,1,1,1,0,0,1,1,1,1
2005-11-12,407,22,11,19,1,1,3,18,12,31,14,18,14,6,2,26,17,20,7,9,2,4,3,9,8,9,0,5,0,0,0,2,2,25,4,13,21,4,4,23,18,0,0,0,0,0,0,2,0,0,1,1,0,0,0,0,0,1,0,0,0,0,0,0,0,0,0,0,0,0,0,0,0,1,0,0,0,0,0,0,0,2,0,1,0,0,0,0,1,2,0,1,0,0,0,0,1
2005-12-12,405,20,10,21,3,1,3,18,10,32,15,19,13,6,2,25,17,18,7,9,3,5,3,8,7,8,0,5,0,0,0,2,2,24,4,15,21,4,4,24,17,1,0,0,0,0,0,0,1,0,0,0,1,0,0,1,1,2,0,0,0,0,0,1,1,0,0,0,0,0,0,0,0,0,0,0,0,0,0,0,1,0,1,2,2,1,0,0,0,0,1,1,2,1,0,0,0
2006-01-12,403,19,9,20,3,1,3,17,11,31,14,20,12,6,2,26,17,19,7,5,3,5,5,8,7,8,0,5,0,0,0,2,2,25,5,15,21,4,4,24,18,1,1,1,0,0,0,0,0,1,1,0,1,0,0,1,0,0,0,1,0,0,0,0,0,0,0,1,0,0,0,0,0,0,0,0,0,0,0,0,0,1,0,1,0,0,1,1,1,1,0,1,0,0,1,1,1
2006-02-12,398,18,9,19,3,0,2,15,11,32,14,20,12,6,3,27,16,19,7,6,3,5,4,10,6,7,0,5,0,0,0,1,2,26,5,15,21,4,4,24,17,0,0,0,0,1,0,1,0,0,0,1,0,0,0,0,1,0,0,0,0,0,0,0,1,1,0,0,0,0,0,1,0,0,0,0,0,0,0,0,1,0,0,1,0,0,0,1,0,0,0,1,0,0,0,1,0
2006-03-12,402,17,9,17,3,0,2,14,12,33,14,22,12,6,3,29,16,16,7,6,3,5,4,12,6,9,0,5,0,0,0,1,2,27,5,15,21,4,4,24,17,0,0,0,0,0,0,0,0,0,0,0,0,0,0,0,0,1,0,0,0,0,0,0,0,0,0,0,0,0,0,0,0,0,0,0,0,0,0,0,1,1,0,0,1,0,0,2,1,1,0,0,1,0,0,2,1
2006-04-12,399,17,8,17,3,0,2,12,13,36,14,22,12,6,3,29,16,16,8,4,3,5,4,11,8,9,0,5,0,0,0,1,2,24,6,15,21,3,4,23,17,1,0,0,0,0,0,1,0,0,1,0,0,0,0,1,0,0,0,2,0,0,0,0,1,0,0,0,0,0,0,0,0,3,0,0,0,1,0,1,0,4,1,0,0,0,0,0,3,3,1,0,0,0,0,0,1
2006-05-12,408,19,8,17,3,0,2,16,13,36,14,24,12,6,3,29,16,16,8,8,3,5,4,10,8,9,0,5,0,0,0,1,2,25,6,15,21,2,3,23,16,0,0,0,0,0,0,0,0,0,0,0,0,0,0,0,0,1,0,0,0,0,0,0,0,0,0,0,0,0,0,0,0,1,0,0,0,1,1,0,1,2,0,4,0,0,0,3,0,2,0,3,0,0,0,3,0
2006-06-12,415,22,8,18,4,0,0,16,14,36,14,24,11,6,5,28,16,16,8,10,4,5,4,10,11,8,0,4,0,0,0,1,2,24,7,15,21,1,3,23,16,0,0,0,0,0,0,0,0,0,0,1,1,0,0,1,0,2,0,0,0,0,0,0,0,1,0,0,0,0,0,0,0,1,0,0,0,1,0,0,0,4,0,3,1,0,0,0,3,2,0,3,1,0,0,0,2
2006-07-12,417,20,9,18,4,2,0,18,12,35,14,25,11,6,5,28,18,14,8,8,4,7,4,11,9,8,0,3,0,0,0,1,2,24,10,14,21,1,3,24,16,2,0,0,0,0,0,0,0,2,0,0,0,0,0,0,0,1,0,0,0,0,0,0,2,0,0,0,0,0,0,0,0,0,0,1,0,0,0,0,0,1,1,1,0,2,0,2,0,1,1,1,0,1,0,2,0
2006-08-12,417,21,10,17,4,2,0,18,12,35,14,24,11,6,5,28,17,12,9,8,4,7,4,11,9,10,0,3,0,0,0,1,2,24,10,14,20,1,3,25,16,0,0,1,0,0,0,0,0,0,0,1,0,0,0,0,1,0,0,0,0,0,0,0,0,0,0,0,0,0,0,0,0,0,0,0,0,0,0,0,0,1,1,0,0,0,0,0,0,1,1,0,0,0,0,0,0
2006-09-12,413,21,9,18,3,2,0,17,12,36,14,23,12,6,5,28,17,13,9,8,4,7,3,11,9,10,0,3,0,0,0,1,2,24,10,14,20,1,3,24,14,0,1,0,0,0,0,1,0,0,0,1,0,0,0,0,0,0,0,0,0,0,1,0,0,0,0,0,0,0,0,0,0,0,0,0,0,0,0,1,2,1,0,1,0,0,0,0,0,1,0,1,0,0,0,0,0
2006-10-12,414,22,8,18,3,2,0,18,12,36,15,22,12,6,5,28,17,11,8,9,4,7,3,10,11,9,0,3,0,0,0,1,2,25,10,15,20,1,3,24,14,0,0,0,0,0,0,0,0,0,0,1,0,0,0,0,0,2,0,0,0,0,0,1,0,1,0,0,0,0,0,0,0,0,0,0,0,0,0,0,0,1,0,1,0,0,0,1,1,1,0,1,0,0,0,1,1
2006-11-12,421,22,9,19,3,3,0,20,11,36,14,22,12,6,5,28,18,10,10,10,4,8,2,11,10,8,0,3,0,0,0,1,2,25,10,16,19,2,3,24,15,0,0,0,0,0,0,1,2,0,1,0,0,0,0,0,0,1,0,0,0,0,0,0,0,1,0,0,0,0,0,0,0,0,0,0,1,0,0,0,0,0,2,2,0,1,0,4,1,0,2,2,0,1,0,3,1
2006-12-12,429,24,9,19,3,3,1,18,12,37,14,23,12,6,5,29,18,11,10,10,4,8,2,13,12,7,0,3,0,0,0,1,2,25,10,16,19,2,3,24,14,0,0,1,0,0,0,0,0,0,0,0,0,0,0,1,0,0,0,0,0,0,0,0,1,0,0,0,0,0,0,0,0,0,0,0,1,0,0,0,1,3,0,2,0,0,1,1,3,2,0,2,0,0,1,1,2
2007-01-12,434,26,8,20,3,3,1,18,13,37,14,23,12,6,5,29,17,15,12,10,4,8,2,13,12,7,0,3,0,0,0,1,2,22,10,16,19,2,3,24,14,0,1,0,0,0,0,0,0,1,0,0,0,0,0,0,1,0,0,0,0,1,0,0,1,0,0,0,0,0,0,0,0,3,0,0,0,0,0,0,0,5,1,1,0,1,0,0,1,3,1,1,0,1,0,0,1
2007-02-12,437,26,8,21,3,3,1,20,13,37,14,23,12,6,5,29,16,15,12,11,4,7,2,15,12,6,0,3,0,0,0,1,2,22,11,15,20,1,3,24,14,0,0,0,0,0,0,0,0,0,0,0,0,0,0,0,1,1,0,0,0,1,0,0,0,0,0,0,0,0,0,0,0,0,0,1,0,0,0,0,0,1,0,2,0,0,0,2,0,1,0,2,0,0,0,2,0
2007-03-12,437,28,7,19,3,3,1,20,13,37,15,24,12,6,5,28,16,18,12,12,3,6,2,15,12,6,0,3,0,0,0,1,2,21,11,12,20,1,3,25,15,0,0,0,0,0,0,1,0,0,0,1,0,0,0,1,0,0,0,0,1,0,0,0,0,0,0,0,0,0,0,0,0,1,0,3,0,0,0,0,0,3,0,1,0,0,0,1,0,2,0,1,0,0,0,1,0
2007-04-12,438,27,6,20,3,3,1,20,13,36,16,24,12,6,5,29,15,17,12,12,3,8,2,15,12,6,0,3,0,0,0,1,1,21,11,13,20,1,3,26,15,0,0,0,0,0,0,0,0,2,0,0,0,0,0,0,1,0,0,0,0,0,0,0,0,0,0,0,0,0,0,0,1,0,0,0,0,0,0,0,0,0,1,1,0,1,0,1,0,0,1,1,0,1,0,1,0
2007-05-12,444,27,6,21,3,4,1,20,12,37,17,24,12,6,5,29,17,17,12,13,3,8,2,15,13,6,0,3,0,0,0,1,1,22,11,13,19,1,3,26,14,0,0,0,0,0,0,0,0,0,0,1,0,0,0,1,0,0,0,0,0,0,0,1,0,0,0,0,0,0,0,0,0,0,0,0,1,0,0,0,1,1,1,3,0,1,0,2,1,1,1,2,0,1,0,2,1
2007-06-12,446,29,5,22,3,4,2,20,12,37,17,23,12,6,4,28,18,20,10,11,2,8,3,15,13,6,1,4,0,0,0,1,1,22,10,14,19,1,3,27,13,0,1,0,0,0,0,0,0,0,0,1,0,0,1,1,0,1,1,1,0,0,0,0,0,0,0,0,0,0,0,0,0,0,1,0,0,0,0,0,0,4,0,1,0,0,1,0,1,2,0,1,0,0,1,0,1
2007-07-12,446,27,5,22,3,3,1,19,14,37,17,23,12,6,4,28,18,20,10,12,2,8,3,14,15,5,1,4,0,0,0,1,1,22,10,16,19,1,3,27,13,1,0,1,0,1,1,0,0,1,0,0,0,0,0,1,0,0,0,0,0,0,0,0,0,0,0,0,0,0,0,0,0,0,0,0,0,0,0,1,0,0,0,2,0,0,0,1,2,0,0,2,0,0,0,1,2
2007-08-12,446,28,5,21,3,3,1,17,13,37,17,22,11,6,4,30,19,22,11,13,2,8,3,13,14,5,1,4,0,0,0,1,1,22,10,16,19,1,3,27,13,2,1,1,0,0,0,1,0,0,0,2,1,0,0,0,0,0,0,1,0,0,0,1,1,0,0,0,0,0,0,0,1,1,0,0,0,0,0,0,0,3,1,3,0,0,0,2,1,3,1,2,0,0,0,2,1
2007-09-12,444,24,6,20,4,3,1,18,13,39,17,21,9,6,3,31,18,21,11,13,2,8,3,13,16,5,1,4,0,0,0,2,1,22,10,16,19,1,3,27,13,1,0,0,0,0,0,0,0,1,0,2,2,0,1,0,1,1,0,0,0,0,0,0,0,0,0,0,0,0,0,0,0,0,0,0,0,0,0,0,0,0,1,0,1,0,0,3,2,0,1,0,1,0,0,2,1
2007-10-12,440,24,5,21,4,3,1,17,11,38,18,20,8,6,3,32,19,23,9,13,2,6,3,14,16,4,0,3,0,0,0,2,1,22,10,16,20,1,3,29,13,0,0,0,0,0,0,0,0,1,0,1,1,0,0,0,1,0,1,1,0,0,0,0,0,0,1,1,0,0,0,0,0,0,0,0,0,0,0,0,1,2,0,1,0,0,0,1,0,1,0,1,0,0,0,1,0
2007-11-12,442,25,6,20,4,3,2,17,11,37,18,21,8,6,3,32,19,23,9,13,2,6,4,14,15,5,0,2,0,0,0,2,1,22,10,16,20,1,3,29,13,0,0,0,0,0,0,1,0,1,0,0,0,0,0,0,0,0,0,0,0,0,0,2,0,0,0,1,0,0,0,0,0,1,0,0,0,0,0,0,0,2,1,0,0,0,1,2,0,1,1,0,0,0,1,1,0
2007-12-12,442,25,7,17,2,3,3,18,11,36,18,24,10,6,3,32,19,24,9,12,2,6,4,14,14,5,0,2,0,0,0,2,1,22,11,16,20,1,2,28,13,0,0,1,0,0,0,1,0,1,0,0,0,0,0,0,0,0,0,1,0,0,0,0,1,0,0,0,0,0,0,0,0,1,0,0,0,0,1,1,0,1,1,1,1,0,1,1,0,1,1,1,1,0,1,1,0
2008-01-12,445,26,7,16,3,4,3,20,10,36,16,24,10,6,3,32,20,24,10,11,2,8,2,17,14,5,0,2,0,0,0,2,1,22,12,16,20,1,2,25,13,0,0,0,0,1,0,0,0,0,2,1,0,0,0,0,0,0,0,1,0,0,0,1,0,0,0,0,0,0,0,0,0,1,0,0,0,0,0,3,0,1,1,0,1,3,0,4,0,1,1,0,1,1,0,3,0
2008-02-12,449,25,7,17,3,4,3,22,9,36,16,24,10,6,3,31,20,24,11,12,2,10,2,18,15,5,0,3,0,0,0,2,1,21,11,16,19,1,2,25,13,1,0,1,0,0,0,0,1,0,0,0,0,0,0,1,0,2,0,0,0,0,0,0,0,0,0,0,0,0,0,0,0,1,1,0,1,0,0,0,0,2,1,2,0,1,0,2,1,2,1,2,0,1,0,2,1
2008-03-12,445,26,7,16,3,4,2,23,8,35,16,24,9,6,3,29,20,25,13,11,2,9,2,17,14,5,0,3,0,0,0,2,1,22,11,17,20,1,2,25,12,0,1,1,0,0,1,0,1,1,0,0,1,0,0,2,0,0,0,1,0,1,0,0,2,0,0,0,0,0,0,0,0,0,0,0,0,0,0,0,0,2,2,0,0,0,0,1,1,2,2,0,0,0,0,1,1
2008-04-12,443,25,7,17,3,4,2,22,8,34,16,24,9,6,3,29,21,26,13,11,2,8,2,19,12,5,0,3,0,0,0,2,2,22,11,17,19,1,2,24,12,0,0,0,0,0,0,1,0,3,0,0,0,0,0,0,0,1,0,0,0,1,0,0,1,0,0,0,0,0,0,0,0,0,0,0,1,0,0,1,0,3,0,1,0,0,0,1,1,2,0,1,0,0,0,1,1
2008-05-12,447,23,7,15,3,4,2,21,9,35,16,26,9,6,3,31,21,27,13,9,2,8,2,17,13,5,0,3,0,0,0,2,2,22,11,17,20,1,2,26,14,1,0,1,0,0,0,0,0,0,0,0,0,0,0,1,0,0,0,0,0,0,0,1,0,0,0,0,0,0,0,0,0,0,0,0,0,0,0,0,0,1,0,1,0,0,0,2,2,1,0,1,0,0,0,2,1
2008-06-12,449,22,7,15,2,4,2,20,9,35,16,26,10,6,3,31,22,26,12,12,1,8,2,19,13,5,0,3,1,0,0,2,3,20,11,18,20,1,2,26,14,0,0,0,0,0,0,3,0,2,0,2,0,0,0,0,0,1,1,0,0,0,0,0,0,0,0,0,0,0,0,0,0,2,0,0,0,0,0,0,0,1,0,4,0,0,0,2,2,1,0,4,0,0,0,1,1
2008-07-12,447,21,6,15,2,3,2,19,9,36,17,27,10,7,3,31,22,26,12,13,1,7,2,20,12,5,0,3,1,0,0,1,3,19,11,18,20,1,2,26,14,1,0,0,0,0,0,0,0,0,0,0,0,0,0,1,0,0,0,0,0,0,0,0,1,0,0,0,0,1,0,1,0,1,0,0,0,0,0,0,0,1,0,2,0,0,0,1,0,1,0,2,0,0,0,1,0
2008-08-12,444,21,7,15,1,3,2,18,9,37,16,25,10,7,3,31,22,25,12,13,1,7,2,21,13,5,0,3,1,0,0,1,2,18,11,19,20,1,2,26,14,0,0,0,1,0,0,1,0,0,1,2,0,0,0,0,0,2,0,0,0,0,0,0,0,0,0,0,0,0,0,0,1,1,0,0,0,0,0,0,0,2,2,0,0,0,0,1,1,2,1,0,0,0,0,1,1
2008-09-12,450,21,11,17,1,3,2,17,9,38,16,24,10,7,3,31,22,25,14,13,1,7,1,22,13,5,0,3,1,0,0,1,2,18,11,20,20,1,2,24,14,0,0,0,0,0,0,1,0,0,0,1,0,0,0,0,0,0,0,0,0,0,1,0,0,0,0,0,0,0,0,0,0,0,0,0,0,0,0,2,0,1,4,2,0,0,0,1,0,1,4,2,0,0,0,1,0
2008-10-12,455,22,14,17,1,4,3,21,9,38,16,22,10,6,3,31,22,24,14,13,1,7,1,21,11,5,0,3,1,0,0,1,2,18,11,20,20,1,2,26,14,0,0,0,0,0,0,0,0,1,0,2,0,1,0,0,0,1,0,0,0,0,0,1,0,0,0,0,0,0,0,0,0,1,0,0,0,0,0,0,0,3,2,0,0,1,1,3,0,3,2,0,0,1,1,3,0
2008-11-12,461,26,13,16,1,3,4,20,8,36,17,22,10,7,2,34,23,24,12,13,1,7,2,19,13,5,0,3,1,0,0,1,2,19,12,22,20,1,2,26,14,0,0,0,0,0,0,1,0,2,0,1,0,0,1,0,0,0,0,0,0,0,0,2,0,0,0,0,0,0,0,0,0,0,0,0,0,0,0,0,0,2,0,1,0,0,1,3,2,1,0,1,0,0,1,2,2
2008-12-12,454,21,13,15,1,3,4,20,7,39,17,22,10,7,2,34,23,23,13,12,1,6,2,17,13,5,0,3,1,0,0,1,2,20,12,23,21,1,2,25,13,2,0,0,0,0,0,0,1,0,0,1,0,0,0,0,0,0,0,1,0,1,0,1,0,0,0,0,0,0,0,0,0,0,0,0,0,0,0,1,1,0,1,0,0,0,0,0,1,0,1,0,0,0,0,0,1
2009-01-12,458,23,12,15,1,5,4,21,7,38,17,22,10,7,2,34,24,21,12,15,1,5,2,17,13,5,0,3,1,0,0,1,2,19,12,23,21,1,3,27,12,0,1,0,0,0,0,0,0,2,0,0,0,0,0,0,0,1,0,0,0,1,0,0,0,0,0,0,0,0,0,0,0,1,0,0,0,0,0,0,1,2,0,3,0,1,0,1,2,2,0,2,0,1,0,1,1
2009-02-12,449,21,12,13,1,5,4,20,7,37,16,22,10,7,2,34,24,20,11,15,1,5,2,16,12,5,0,3,1,0,0,1,2,20,12,25,21,0,3,27,12,2,0,2,0,0,0,1,0,1,1,0,0,0,0,1,0,0,1,0,0,0,0,1,1,0,0,0,0,0,0,0,0,0,0,0,0,0,0,0,0,0,0,0,0,0,0,2,0,0,0,0,0,0,0,2,0
2009-03-12,450,19,12,15,1,5,4,19,8,38,15,22,10,7,2,34,24,17,11,18,1,5,2,16,13,5,0,3,1,0,0,1,2,20,12,26,19,0,3,29,11,0,0,0,0,0,0,1,0,1,1,0,0,0,0,0,0,0,0,0,0,0,0,0,0,0,0,0,0,0,0,0,0,0,0,0,2,0,0,0,1,0,0,4,0,0,0,0,1,0,0,3,0,0,0,0,1
2009-04-12,450,23,12,17,1,4,4,19,8,37,15,22,10,6,2,32,24,20,11,16,1,2,2,18,13,5,0,3,1,0,0,1,2,18,12,27,19,0,3,29,11,0,0,0,0,1,0,0,0,1,0,0,0,1,0,2,0,1,0,2,0,1,0,0,0,0,0,0,0,0,0,0,0,2,0,0,0,0,0,1,1,5,1,2,0,0,0,2,0,4,1,1,0,0,0,2,0
2009-05-12,453,23,12,18,2,4,4,19,7,38,15,22,8,6,2,32,25,21,10,15,1,2,2,17,14,5,0,3,1,0,0,1,2,19,12,27,20,0,3,29,12,0,0,0,0,0,0,0,0,0,0,1,2,0,0,1,0,1,0,0,0,0,0,1,0,0,0,0,0,0,0,0,0,0,0,0,0,0,0,0,0,2,0,2,1,0,0,1,1,2,0,2,1,0,0,1,1
2009-06-12,455,23,12,18,2,4,4,19,6,38,15,23,8,6,2,31,25,21,10,15,1,2,2,18,15,6,0,3,1,0,0,1,2,19,12,26,20,0,3,30,12,0,0,1,0,0,0,0,1,2,0,0,0,0,0,1,0,0,0,0,0,0,0,0,1,0,0,0,0,0,0,0,0,0,0,1,0,0,0,0,0,2,0,2,0,0,0,1,1,2,0,2,0,0,0,1,1
2009-07-12,460,26,12,17,2,4,5,18,4,38,15,24,8,6,2,30,27,21,10,14,3,2,3,20,15,6,0,2,1,0,0,1,2,19,12,25,20,0,3,30,13,0,0,0,0,0,0,2,0,0,0,0,0,0,0,1,0,1,0,0,0,0,0,0,0,0,0,1,0,0,0,0,0,0,0,2,0,0,0,0,0,3,0,0,2,0,1,2,1,2,0,0,2,0,1,2,1
2009-08-12,461,23,12,16,2,4,5,18,4,40,16,25,8,6,1,30,27,20,11,13,3,2,3,20,14,6,0,3,1,0,0,1,2,20,13,24,20,0,3,30,15,1,0,0,0,0,0,1,0,0,0,0,0,0,1,0,0,0,0,0,0,0,0,0,0,0,0,0,0,0,0,0,0,0,0,1,0,0,0,0,0,0,2,0,0,0,0,2,0,0,2,0,0,0,0,2,0
2009-09-12,461,24,11,14,2,4,5,18,5,40,17,24,8,6,1,28,27,24,11,12,3,2,3,19,14,6,0,3,1,0,0,1,2,20,13,27,20,0,2,29,15,0,0,2,0,0,0,1,0,0,0,1,0,0,0,2,0,0,0,1,0,0,0,1,0,0,0,0,0,0,0,0,0,0,0,0,0,0,1,1,0,4,0,0,0,0,0,2,2,4,0,0,0,0,0,2,2
2009-10-12,460,23,11,15,2,4,5,18,5,40,17,24,8,6,1,28,27,22,11,13,3,2,3,17,14,6,0,3,1,0,0,1,2,20,13,29,21,0,2,28,15,1,0,0,0,0,0,1,0,0,0,0,0,0,0,0,0,0,0,0,0,0,0,1,0,0,0,0,0,0,0,0,0,0,0,0,1,0,0,1,0,0,0,2,0,0,0,1,0,0,0,2,0,0,0,1,0
2009-11-12,466,25,10,16,3,4,4,17,6,40,18,24,8,6,2,29,27,20,10,14,4,2,2,16,16,6,0,3,1,0,0,2,2,20,13,30,21,0,2,28,15,0,0,1,0,0,0,1,1,0,0,0,0,0,0,0,0,2,1,0,0,0,0,0,0,1,0,0,0,0,1,0,0,0,0,0,0,0,0,0,0,3,0,2,1,0,0,2,3,3,0,2,1,0,0,2,3
2009-12-12,465,27,12,15,3,4,3,15,6,38,19,24,8,6,3,30,27,19,9,13,3,2,2,16,18,6,0,3,1,0,0,2,2,19,13,30,22,0,2,28,15,0,0,2,0,0,0,1,0,2,0,1,0,0,0,0,0,2,0,1,0,0,0,0,0,0,0,0,0,0,0,0,0,1,0,1,0,0,0,0,0,2,3,2,0,0,0,0,2,2,1,2,0,0,0,0,2
2010-01-12,459,26,12,14,2,3,3,16,7,38,19,20,9,7,3,31,26,18,11,15,3,0,2,16,17,6,0,3,1,0,0,2,2,17,14,29,21,0,2,27,17,0,1,1,0,0,0,0,0,1,0,4,0,0,0,0,1,1,0,0,0,0,0,0,1,0,0,0,0,0,0,0,0,2,0,0,1,0,0,1,0,0,2,2,0,0,0,1,1,0,2,2,0,0,0,1,1
2010-02-12,453,26,12,13,2,3,3,18,7,38,19,21,9,6,3,30,26,15,11,13,3,0,2,16,16,6,0,3,1,0,0,2,3,18,16,25,21,0,2,27,17,0,0,0,0,0,0,2,0,0,0,0,0,1,0,1,0,2,0,2,0,0,0,0,0,0,0,0,0,0,0,0,0,0,0,4,0,0,0,0,0,0,0,1,0,0,0,3,0,0,0,1,0,0,0,3,0
2010-03-12,459,24,13,14,2,3,3,19,7,39,18,21,9,6,3,31,26,18,10,15,3,0,2,14,15,6,0,3,1,0,0,2,3,20,16,25,21,0,2,28,17,1,0,0,0,0,0,0,0,0,1,0,0,0,0,0,0,0,0,0,0,0,0,2,0,0,0,0,0,0,0,0,0,0,0,0,0,0,0,0,0,3,2,3,0,0,0,1,0,2,1,3,0,0,0,1,0
2010-04-12,462,23,15,14,2,3,4,21,6,39,18,22,9,6,2,30,27,16,10,15,3,0,2,13,15,6,0,3,1,0,0,3,3,20,16,26,21,0,2,29,17,0,0,0,0,0,0,0,0,1,0,0,0,0,1,1,0,0,0,0,0,0,0,0,0,1,0,0,0,0,0,0,0,0,0,0,0,0,0,0,0,0,1,1,0,0,1,3,0,0,1,1,0,0,1,2,0
2010-05-12,458,24,15,14,2,3,4,23,5,38,17,22,9,6,2,30,28,14,10,15,3,0,2,13,15,6,0,3,1,0,0,3,3,20,16,25,20,0,2,27,18,0,0,0,0,0,0,0,0,1,1,0,0,0,0,0,0,1,0,0,0,0,0,0,0,0,0,0,0,0,0,0,0,0,0,1,1,0,0,2,0,1,0,0,0,0,0,1,0,1,0,0,0,0,0,1,0
2010-06-12,470,26,15,16,2,4,4,23,5,38,17,22,9,6,2,32,28,16,10,13,3,2,2,12,15,7,0,3,1,0,0,3,4,22,16,25,19,1,2,27,18,0,0,0,0,1,0,0,1,0,0,1,0,0,0,0,0,1,0,0,0,0,0,0,0,0,0,0,0,0,0,0,0,0,0,0,1,0,0,0,0,4,0,2,0,2,0,2,1,3,0,2,0,1,0,1,1
2010-07-12,470,27,14,18,2,4,4,24,7,37,17,22,9,6,2,30,28,18,10,13,3,2,2,12,14,6,0,3,1,0,0,4,4,22,16,23,19,1,2,26,18,1,1,0,0,0,0,0,0,1,0,0,0,0,0,2,0,0,0,1,0,0,0,0,1,0,0,0,0,0,0,0,0,0,0,2,0,0,0,2,0,4,0,2,0,0,0,2,2,4,0,2,0,0,0,1,2
2010-08-12,472,28,13,18,2,4,4,25,8,37,18,22,9,6,2,27,28,20,9,13,3,2,2,14,12,5,0,3,1,0,0,4,4,24,15,23,20,1,2,26,18,1,0,0,0,0,0,0,0,0,0,0,0,0,0,3,0,0,0,0,0,0,0,0,1,1,0,0,0,0,0,0,0,0,1,0,0,0,0,0,0,4,0,0,0,0,0,4,1,4,0,0,0,0,0,4,1
2010-09-12,464,26,8,17,2,4,3,22,8,37,22,23,9,6,2,26,28,21,7,14,2,2,2,14,13,5,0,3,1,0,0,3,4,26,15,22,21,0,2,27,17,1,1,1,0,0,1,3,0,1,0,0,0,0,0,1,0,0,0,0,1,0,0,0,0,0,0,0,0,0,0,1,0,0,0,1,0,0,0,0,1,1,0,2,0,0,0,1,1,1,0,2,0,0,0,1,1
2010-10-12,467,26,6,16,3,4,2,20,10,39,24,23,9,6,2,27,28,21,7,15,2,2,2,15,13,5,0,3,1,0,0,3,4,26,15,21,20,0,2,28,17,0,0,1,0,0,1,0,0,0,0,0,0,0,0,1,0,1,0,0,0,0,0,0,0,0,0,0,0,0,0,0,0,0,0,1,1,0,0,0,0,3,0,1,1,0,0,1,1,3,0,1,1,0,0,1,1
2010-11-12,470,23,10,16,4,4,1,19,10,41,24,23,8,6,3,28,26,22,7,14,2,2,1,14,13,5,0,3,1,0,0,2,4,27,16,21,21,0,2,29,18,0,0,0,0,0,0,0,0,1,0,0,1,0,0,0,2,0,0,0,1,0,0,0,0,0,0,0,0,0,0,0,0,0,0,0,0,0,0,0,0,1,2,0,1,0,0,0,1,1,2,0,1,0,0,0,1
2010-12-12,466,22,11,17,4,4,1,20,10,41,24,23,7,5,3,26,26,23,7,14,2,2,1,13,11,4,0,3,1,0,0,2,4,28,16,22,21,0,2,28,18,1,0,0,0,0,0,0,0,0,0,0,1,1,0,2,0,0,0,0,0,0,0,1,1,1,0,0,0,0,0,0,0,0,0,0,0,0,0,1,0,1,1,1,0,0,0,1,0,1,1,1,0,0,0,1,0
2011-01-12,466,20,12,20,4,2,1,19,10,43,24,22,7,7,2,26,27,25,7,12,2,2,1,13,9,4,0,2,1,0,0,2,4,32,14,20,21,0,3,28,18,1,0,0,0,0,0,1,0,0,0,1,0,0,1,0,0,0,0,0,0,0,0,0,1,0,0,1,0,0,0,0,0,0,2,1,0,0,0,0,0,3,1,3,0,0,0,0,1,2,1,3,0,0,0,0,1
2011-02-12,475,21,14,21,4,2,1,19,11,43,24,22,7,6,2,25,27,25,8,14,4,2,1,13,10,4,0,2,1,0,0,2,4,33,14,20,21,0,2,28,18,0,0,1,0,0,0,1,0,0,0,0,0,1,0,1,0,1,0,0,0,0,0,0,0,0,0,0,0,0,0,0,0,0,0,0,0,0,1,0,0,1,2,2,1,0,0,1,2,1,1,2,1,0,0,1,2
2011-03-12,467,19,14,21,4,2,1,19,11,42,24,23,7,6,2,23,27,23,7,13,4,2,1,13,12,4,0,2,1,0,0,1,4,33,14,18,21,0,2,28,19,2,0,1,0,0,0,0,0,1,0,0,0,0,0,2,0,2,1,2,0,0,0,0,0,0,0,0,0,0,0,0,0,0,0,2,0,0,0,0,0,0,0,2,0,0,0,0,1,0,0,2,0,0,0,0,1
2011-04-12,462,19,13,21,3,1,1,21,10,44,23,21,7,6,2,23,26,21,7,13,4,2,1,13,13,5,0,2,1,0,0,1,3,34,14,18,20,0,2,28,19,1,1,0,1,1,0,0,1,0,1,2,0,0,0,0,1,1,0,0,0,0,0,0,1,0,0,0,0,0,0,0,0,1,0,0,1,0,0,0,0,3,1,0,0,0,0,2,2,3,1,0,0,0,0,2,2
2011-05-12,462,20,13,20,2,1,1,20,11,42,23,22,8,6,2,24,26,20,7,12,4,2,1,14,13,5,0,2,0,0,0,1,3,33,14,19,20,1,3,28,19,1,0,0,0,0,0,1,0,2,0,0,0,0,0,0,0,2,0,1,0,0,0,0,0,0,0,0,0,0,0,0,0,0,0,0,0,0,0,0,0,2,0,0,0,0,0,1,2,2,0,0,0,0,0,1,2
2011-06-12,463,16,13,21,2,2,1,19,11,44,23,22,8,6,2,24,25,18,8,14,4,2,1,17,14,6,0,1,0,0,0,1,3,33,14,19,20,1,3,28,17,2,0,0,0,0,0,1,0,0,0,0,0,0,0,0,1,2,0,1,0,0,0,0,0,0,0,1,0,0,0,0,0,0,0,0,0,0,0,0,2,1,1,3,0,1,0,2,1,1,1,3,0,1,0,2,1
2011-07-12,462,14,13,21,2,2,0,18,11,44,23,22,8,6,3,25,25,18,11,14,4,2,0,15,13,6,0,1,0,0,0,1,3,34,13,20,20,2,3,28,17,0,0,0,0,0,0,0,0,2,0,0,0,0,0,0,0,0,0,0,0,0,0,1,0,0,0,0,0,0,0,0,0,0,1,1,0,0,0,0,0,0,3,0,0,0,0,1,0,0,3,0,0,0,0,1,0
2011-08-12,458,15,12,22,2,2,0,19,10,43,23,22,8,6,3,23,25,18,11,13,4,2,0,14,11,6,0,1,0,0,0,1,3,35,13,21,20,2,3,28,17,0,1,0,0,0,0,0,1,1,0,0,0,0,0,2,0,2,0,1,0,0,0,0,2,0,0,0,0,0,0,0,0,0,0,0,0,0,0,0,1,2,1,1,0,0,0,1,0,2,1,1,0,0,0,1,0
2011-09-12,462,15,12,23,2,2,0,20,10,43,23,21,8,6,3,24,25,17,11,14,4,2,0,14,11,6,0,1,0,0,0,1,3,35,14,21,20,2,3,29,17,1,0,0,0,0,0,0,0,1,0,1,0,0,0,0,0,1,0,1,0,0,0,0,0,0,0,0,0,0,0,0,0,0,0,0,1,0,0,0,0,3,0,2,0,0,0,2,1,3,0,2,0,0,0,2,1
2011-10-12,461,18,12,21,2,2,0,20,10,43,23,21,8,6,3,24,24,15,11,17,4,2,0,13,11,6,0,1,0,0,0,1,3,34,14,21,20,2,3,28,18,0,0,1,0,0,0,0,1,0,0,1,0,0,0,0,1,2,0,0,0,0,0,1,0,0,0,0,0,0,0,0,0,1,0,0,0,0,0,1,0,2,0,3,0,0,0,0,1,2,0,2,0,0,0,0,1
2011-11-12,459,17,9,19,1,2,0,18,8,44,23,23,9,6,3,24,25,15,11,18,4,2,0,13,10,6,0,1,0,0,0,2,3,33,15,23,20,2,3,29,18,0,3,1,0,0,0,1,0,0,0,0,0,0,0,1,1,0,0,0,0,0,0,0,0,0,0,0,0,0,0,0,0,1,0,0,0,0,0,0,0,0,0,3,1,0,0,1,1,0,0,2,1,0,0,1,1
2011-12-12,459,18,9,17,1,2,0,19,8,43,23,24,9,5,3,23,23,15,11,18,4,2,0,15,12,6,0,1,0,0,0,2,3,33,16,23,20,2,3,28,18,0,0,0,0,0,0,0,0,1,1,1,0,1,0,1,2,0,0,0,0,1,0,0,0,0,0,0,0,0,0,0,0,0,0,0,0,0,0,1,0,1,1,0,0,1,0,3,2,1,1,0,0,1,0,2,2
2012-01-12,459,22,10,18,1,2,0,18,7,42,22,22,9,5,3,25,24,15,9,17,4,3,0,15,11,6,1,1,0,0,0,2,3,34,16,22,20,2,3,27,18,0,0,0,0,0,0,0,0,1,2,2,0,0,0,0,0,2,0,1,0,0,0,0,1,0,0,0,0,0,0,0,0,0,0,1,0,0,0,1,0,3,1,1,0,1,0,1,0,3,1,1,0,1,0,1,0
2012-02-12,464,23,10,18,1,2,0,14,11,42,22,22,9,5,3,29,24,15,10,17,4,3,0,13,11,6,1,1,0,0,0,2,2,34,16,23,20,2,4,28,17,0,0,0,0,0,0,0,0,0,0,0,0,0,0,0,0,1,1,1,0,0,0,2,0,0,0,0,0,0,0,0,0,0,0,0,0,0,0,0,0,2,2,1,0,0,0,0,3,2,1,1,0,0,0,0,2
2012-03-12,468,26,9,18,4,2,0,15,11,40,23,22,9,5,3,29,23,13,10,16,5,3,0,13,10,7,1,1,0,0,0,2,2,34,16,23,20,2,4,30,17,0,0,0,0,0,0,0,0,2,0,0,0,0,0,0,1,0,0,0,0,0,0,0,1,0,0,0,0,0,0,0,0,1,0,0,0,0,0,0,0,4,0,0,3,0,0,1,0,4,0,0,2,0,0,1,0
2012-04-12,471,26,8,17,4,2,0,13,12,39,24,23,9,5,3,29,22,15,12,17,5,3,0,13,12,6,1,1,0,0,0,2,2,33,17,22,19,2,4,32,17,1,0,0,0,0,0,1,0,1,0,0,0,0,0,1,1,0,0,0,0,0,0,0,1,0,0,0,0,0,0,0,0,0,0,0,1,0,0,0,0,2,2,1,0,0,0,0,2,2,2,1,0,0,0,0,2
2012-05-12,474,28,9,17,4,2,0,13,12,36,24,23,9,5,3,29,22,16,12,16,8,3,0,14,14,5,1,1,0,0,0,2,2,33,17,22,19,2,4,32,15,0,0,0,0,0,0,0,0,3,0,0,0,0,0,1,0,0,0,1,0,0,0,0,0,1,0,0,0,0,0,0,0,0,0,0,0,0,0,0,2,2,1,0,2,0,0,2,2,2,1,0,2,0,0,2,2
2012-06-12,476,27,9,15,4,1,0,13,13,37,23,26,9,6,3,28,22,13,10,21,8,2,0,14,15,5,1,1,0,0,0,2,2,34,17,22,19,2,4,33,15,0,0,0,0,0,0,0,0,0,1,0,0,0,0,2,0,1,2,0,0,0,0,0,0,0,0,0,0,0,0,0,0,0,0,1,0,0,0,0,0,0,0,4,0,0,0,1,1,0,0,3,0,0,0,1,1
2012-07-12,477,27,10,13,4,1,0,15,11,38,23,27,9,6,3,29,22,13,9,21,8,2,0,15,15,5,1,1,0,0,0,2,2,32,17,22,19,2,5,33,15,0,0,1,0,0,0,0,0,0,0,0,0,0,0,0,2,1,1,0,0,0,0,1,0,0,0,0,0,0,0,0,0,2,0,0,0,0,0,0,0,2,1,0,0,0,0,4,0,2,1,0,0,0,0,3,0
2012-08-12,471,26,10,13,4,1,0,16,11,38,23,26,9,6,3,30,22,13,8,21,8,2,0,14,12,5,1,1,0,0,0,2,2,32,16,22,19,2,5,32,16,0,0,0,0,0,0,0,0,1,0,1,0,0,0,0,0,0,1,1,0,0,0,0,3,0,0,0,0,0,0,0,0,0,1,0,0,0,0,1,1,0,0,1,0,0,0,2,0,0,0,1,0,0,0,2,0
2012-09-12,472,26,10,12,4,1,0,16,13,37,22,25,9,6,3,30,21,13,10,20,9,4,0,14,13,5,1,1,0,0,0,2,2,32,16,23,18,2,5,32,15,1,0,1,0,0,0,0,0,1,1,2,0,0,0,0,1,0,0,1,1,0,0,0,0,0,0,0,0,0,0,0,0,0,0,0,1,0,0,0,1,1,1,1,1,1,0,0,2,1,1,1,1,1,0,0,2
2012-10-12,473,24,12,13,3,1,0,19,13,39,22,24,8,6,3,28,21,12,10,22,9,4,0,14,13,5,1,1,0,0,0,2,2,32,17,23,17,2,5,31,15,0,0,0,1,0,0,0,0,0,0,1,1,0,0,2,1,0,0,1,0,0,0,1,0,0,0,0,0,0,0,0,0,0,0,0,1,0,0,1,0,0,1,2,0,0,0,3,1,0,1,2,0,0,0,3,1
2012-11-12,464,25,8,14,2,1,0,18,13,37,23,24,9,6,3,28,21,12,12,21,7,4,0,14,12,5,1,1,0,0,0,2,3,29,18,23,16,2,4,31,15,1,2,1,0,0,0,1,0,2,1,0,0,0,0,0,0,1,0,2,1,0,0,1,0,0,0,0,0,0,0,0,0,3,0,0,1,0,1,0,0,2,2,3,0,0,0,1,0,2,2,3,0,0,0,1,0
2012-12-12,467,25,7,15,2,1,0,20,14,37,22,24,9,6,3,28,21,13,12,23,6,4,0,14,12,5,1,1,0,0,0,2,3,28,18,23,16,2,4,31,15,0,0,0,0,0,0,0,0,0,2,1,0,0,0,1,0,1,0,0,1,0,0,0,0,0,0,0,0,0,0,0,0,1,0,0,0,0,0,0,0,2,0,2,0,0,0,2,1,2,0,1,0,0,0,2,1
2013-01-12,471,25,8,12,2,1,0,21,13,36,22,27,9,6,3,28,21,14,14,23,6,4,1,14,12,5,1,1,0,0,0,2,3,26,19,23,16,2,5,31,15,1,0,1,0,0,0,2,0,1,1,0,0,0,0,0,1,0,0,0,0,0,0,0,0,0,0,0,0,0,0,0,0,2,0,0,0,0,0,0,0,2,3,2,0,0,1,2,0,2,2,2,0,0,1,2,0
2013-02-12,472,29,8,12,2,1,0,20,12,36,22,26,9,6,3,27,22,14,14,22,5,5,1,13,12,5,1,1,0,0,0,2,3,27,19,23,16,2,5,31,16,1,0,0,0,0,0,0,0,1,0,1,0,0,0,2,0,1,0,1,0,0,0,0,1,0,0,0,0,0,0,0,0,0,0,1,0,0,0,0,0,5,1,0,0,1,0,0,1,4,1,0,0,1,0,0,1
2013-03-12,472,30,8,11,2,2,0,22,12,36,22,27,9,6,3,27,22,14,14,21,5,5,1,13,9,5,1,2,0,0,0,2,4,27,19,21,16,2,5,31,16,1,0,0,0,0,0,0,0,0,0,0,0,0,0,0,0,0,0,0,0,0,0,0,2,0,0,0,0,0,0,0,0,0,0,2,0,0,0,0,0,2,0,0,0,1,0,2,0,2,0,0,0,1,0,2,0
2013-04-12,471,29,10,11,2,2,0,22,12,37,22,25,9,6,3,26,21,14,13,20,5,5,1,16,8,5,1,2,0,0,0,2,4,27,19,22,16,2,4,31,17,1,0,0,0,0,0,1,0,0,0,2,0,0,0,1,1,0,0,1,0,0,0,0,1,0,0,0,0,0,0,0,0,0,0,0,0,0,1,0,0,1,1,0,0,0,0,3,1,1,1,0,0,0,0,3,1
2013-05-12,472,29,11,12,2,2,0,23,11,37,22,25,9,6,3,27,22,15,11,20,3,5,1,16,9,5,1,2,0,0,0,1,4,27,19,22,17,2,4,31,16,0,0,0,0,0,0,0,0,1,0,0,0,0,0,0,0,0,2,1,2,0,0,0,0,0,0,0,0,0,0,0,0,2,0,0,0,0,0,0,0,2,1,1,0,0,0,3,1,2,1,1,0,0,0,2,1
2013-06-12,470,29,11,14,2,1,0,23,13,37,22,25,9,7,3,26,21,14,11,18,3,5,1,13,9,5,1,2,0,0,0,1,4,27,21,22,17,3,4,31,15,0,0,1,0,0,0,0,0,0,0,1,0,0,0,1,1,1,0,1,0,0,0,1,0,0,0,0,0,0,0,0,0,0,0,1,0,0,0,0,1,0,0,3,0,0,0,0,1,0,0,2,0,0,0,0,1
2013-07-12,469,29,12,13,4,1,0,27,13,36,22,24,9,7,3,26,21,12,9,18,3,6,0,14,9,4,1,1,0,0,0,1,4,27,20,22,17,4,4,31,15,0,0,1,0,0,0,0,0,1,0,1,0,0,0,0,0,2,1,1,0,1,1,0,0,1,0,0,0,0,0,1,0,0,1,0,0,0,0,0,1,0,1,1,1,1,0,3,0,0,1,1,1,1,0,3,0
2013-08-12,469,33,13,13,4,1,0,27,13,36,22,23,9,7,3,26,20,13,9,19,2,6,0,13,9,4,1,1,0,0,0,1,4,28,19,20,18,3,4,30,15,0,0,0,0,0,0,0,0,0,0,1,0,0,0,0,1,0,0,0,1,0,0,1,1,0,0,0,0,0,0,0,0,0,1,2,0,1,0,1,0,3,2,1,0,0,0,0,1,2,2,1,0,0,0,0,1
2013-09-12,468,31,13,12,4,1,0,25,15,38,22,23,9,7,3,27,20,15,9,19,2,6,0,13,8,4,1,1,0,0,0,1,4,27,20,20,18,3,4,29,14,1,0,0,0,0,0,0,0,0,0,1,0,0,0,1,0,0,0,0,0,0,0,0,1,0,0,0,0,0,0,0,0,1,0,0,0,0,0,1,1,2,0,0,0,0,0,1,1,2,0,0,0,0,0,1,1
2013-10-12,465,27,13,15,4,0,0,25,14,39,22,22,9,6,3,26,20,15,9,21,3,6,0,13,8,4,1,1,0,0,0,1,4,28,20,20,18,3,4,27,14,2,0,0,0,1,0,0,0,1,0,1,0,1,0,1,1,0,0,0,0,0,0,0,0,0,0,0,0,0,0,0,0,0,0,0,0,0,0,2,0,0,0,5,1,0,0,0,0,0,0,3,1,0,0,0,0
2013-11-12,470,26,12,17,4,0,0,27,16,38,22,22,9,6,3,26,20,16,9,21,3,6,0,13,8,4,1,1,0,0,0,1,4,30,20,20,18,3,4,27,13,1,1,1,0,0,0,0,0,1,0,0,0,0,0,0,0,0,0,1,0,0,0,0,0,0,0,0,0,0,0,0,0,0,0,0,0,0,0,0,0,1,0,3,0,0,0,1,1,1,0,3,0,0,0,1,1
2013-12-12,472,26,13,17,4,0,0,27,15,39,23,22,9,6,3,27,20,17,9,20,5,5,0,10,7,4,1,1,0,0,0,1,4,29,20,22,19,3,4,27,13,1,0,0,0,0,0,1,1,0,0,0,0,0,0,0,0,0,0,1,0,0,0,1,0,0,0,0,0,0,0,0,0,2,0,0,0,0,0,0,0,3,1,0,2,0,0,2,0,3,1,0,2,0,0,2,0
2014-01-12,473,23,14,17,4,0,0,28,15,41,23,21,9,6,3,26,20,17,9,20,5,5,0,11,8,4,1,1,0,0,0,1,4,30,19,22,19,3,4,28,12,1,0,1,0,0,0,0,0,1,1,1,0,0,0,1,0,0,0,0,0,0,0,0,0,0,0,0,0,0,0,0,0,1,0,0,0,0,0,1,0,2,1,1,0,0,0,1,1,2,1,1,0,0,0,1,1
2014-02-12,482,24,18,17,4,0,0,28,13,42,23,21,9,6,3,26,22,16,11,18,5,5,0,10,10,5,0,1,0,0,0,1,4,30,18,23,19,3,4,29,14,0,0,0,0,0,0,0,0,0,0,0,0,0,0,0,2,0,0,1,0,0,0,1,0,0,0,0,0,0,0,0,0,0,1,0,0,0,0,0,0,1,5,0,0,0,0,0,2,1,4,0,0,0,0,0,1
2014-03-12,480,24,17,17,2,0,0,26,13,41,22,21,11,6,3,27,22,17,10,21,5,5,0,11,9,5,0,1,0,0,0,1,4,31,18,23,18,3,4,28,14,0,1,0,0,0,0,1,0,2,1,0,0,0,0,0,0,0,1,0,0,0,0,1,1,0,0,0,0,0,0,0,0,0,0,0,1,0,0,0,0,1,0,2,0,0,0,1,0,1,0,2,0,0,0,1,0
2014-04-12,480,24,17,17,3,1,0,26,12,42,22,21,11,6,3,26,23,17,10,19,5,6,0,11,7,5,0,2,0,0,0,1,4,30,18,23,18,3,4,30,13,0,0,0,0,0,0,0,0,0,0,0,0,0,0,1,0,0,0,1,0,0,0,0,1,1,0,0,0,0,0,0,0,1,0,0,0,0,0,0,0,2,0,0,1,1,0,0,0,2,0,0,1,1,0,0,0
2014-05-12,482,23,17,16,3,1,0,27,12,43,21,20,11,6,3,26,23,18,11,18,4,8,0,15,8,4,0,1,0,0,0,1,4,29,17,23,18,3,4,30,14,0,0,2,0,0,0,0,0,1,1,1,0,0,0,0,0,0,0,1,0,0,0,0,0,1,0,1,0,0,0,0,0,1,1,0,0,0,0,0,0,2,1,1,0,1,0,3,1,2,1,1,0,1,0,3,1
2014-06-12,488,25,21,16,3,1,0,26,12,43,21,21,10,6,3,27,24,19,12,16,4,8,0,15,7,3,0,2,0,0,0,1,4,27,17,25,18,4,4,28,15,0,0,0,0,0,0,1,0,0,0,0,1,0,0,0,0,0,0,0,0,0,0,0,0,0,0,0,0,0,0,0,0,2,0,0,0,0,0,2,0,2,3,2,0,0,0,1,1,1,2,2,0,0,0,1,1
2014-07-12,494,26,19,17,3,1,1,25,12,42,22,21,10,6,3,28,23,22,12,16,4,8,1,15,8,3,0,2,0,0,0,1,4,26,17,26,18,4,4,29,15,0,1,0,0,0,0,0,0,1,0,0,0,0,0,2,1,0,0,0,0,0,0,0,0,0,0,0,0,0,0,0,0,1,0,0,0,0,0,0,0,3,0,1,0,0,1,2,1,2,0,1,0,0,1,2,1
2014-08-12,488,25,19,17,3,1,1,23,12,42,22,21,9,6,3,29,23,20,13,17,5,8,1,12,8,3,0,2,0,0,0,1,4,25,17,25,18,4,5,29,15,1,0,0,0,0,0,1,0,0,0,0,1,0,0,0,0,2,0,0,0,0,0,2,0,0,0,0,0,0,0,0,0,1,0,1,0,0,0,0,0,0,1,1,1,0,0,0,0,0,1,1,1,0,0,0,0
2014-09-12,482,22,18,17,3,1,1,24,10,43,22,20,8,6,3,28,24,20,12,18,4,6,1,12,7,4,0,2,0,0,0,1,4,25,17,25,18,4,5,31,16,2,2,0,0,0,0,0,0,0,0,1,1,0,0,1,1,0,0,0,0,0,0,0,0,0,0,0,0,0,0,0,0,0,1,1,0,0,0,0,0,1,1,1,0,0,0,1,0,1,1,1,0,0,0,1,0
2014-10-12,477,22,16,16,3,1,1,22,9,43,23,21,8,6,3,31,25,21,12,14,4,6,1,14,7,3,0,3,0,0,0,1,4,26,17,24,16,4,4,29,17,1,1,0,0,0,0,0,0,0,0,0,0,0,0,0,0,0,0,1,0,0,0,0,0,1,0,0,0,0,0,0,0,1,0,0,2,0,1,2,0,2,0,0,0,0,0,2,0,2,0,0,0,0,0,2,0
2014-11-12,482,20,18,15,3,1,1,24,10,44,22,23,8,6,3,31,24,20,11,15,5,6,1,15,6,3,0,3,0,0,0,1,4,28,18,24,16,4,4,29,16,1,0,0,0,0,0,0,0,1,1,0,0,0,0,0,1,0,0,0,0,0,0,1,1,0,0,0,0,0,0,0,0,0,0,0,0,0,0,0,1,1,2,2,1,0,0,2,1,1,2,1,1,0,0,2,1
2014-12-12,482,20,18,15,3,1,1,23,9,43,22,23,8,6,3,32,25,20,11,17,5,6,1,14,7,3,0,3,0,0,0,1,4,27,19,24,16,4,3,29,16,0,0,1,0,0,0,0,0,1,0,1,0,0,0,1,0,1,0,0,0,0,0,1,0,0,0,0,0,0,0,0,0,2,0,0,0,0,1,0,0,1,0,4,0,0,0,1,1,1,0,4,0,0,0,1,1
2015-01-12,483,20,17,16,2,3,1,22,9,43,23,23,8,6,3,32,25,20,10,17,5,6,1,13,9,3,0,3,0,0,0,1,4,28,19,24,16,4,3,28,16,2,0,0,1,0,0,0,0,1,0,0,0,0,0,2,0,0,0,0,0,1,0,1,0,1,0,0,0,0,0,0,0,0,0,0,0,0,0,1,0,4,0,1,0,2,0,1,2,4,0,1,0,1,0,1,2
2015-02-12,485,18,17,19,3,3,2,22,9,45,22,22,8,6,3,32,25,19,11,17,5,6,1,13,8,3,0,3,0,0,0,1,4,28,19,26,15,4,3,28,15,0,0,0,0,0,0,0,0,0,1,1,0,0,0,0,0,0,0,0,0,0,0,0,0,0,0,0,0,0,0,0,0,1,0,0,1,0,0,1,1,0,2,3,1,1,1,0,0,0,1,3,1,1,1,0,0
2015-03-12,487,17,18,22,3,3,2,20,9,46,22,22,8,6,3,34,24,17,12,17,5,6,1,15,8,3,0,3,0,0,0,1,4,28,17,25,15,4,2,30,15,0,0,0,0,0,0,0,0,0,0,0,0,0,0,0,1,2,0,1,0,0,0,0,0,0,0,0,0,0,0,0,0,0,0,1,0,0,1,0,0,0,2,3,0,0,0,1,0,0,2,2,0,0,0,1,0
2015-04-12,487,17,16,22,3,5,2,21,9,46,24,21,8,6,3,35,24,18,13,17,5,6,1,13,8,2,0,3,0,0,0,1,4,29,17,25,15,4,2,27,15,1,0,0,0,0,0,0,0,1,0,1,0,0,0,0,0,0,0,0,0,0,0,0,0,0,0,0,0,0,0,1,0,0,0,1,0,0,0,3,0,2,1,0,0,1,0,1,0,2,1,0,0,1,0,1,0
2015-05-12,489,20,18,24,5,5,2,19,9,45,24,21,8,6,3,35,22,18,13,17,5,6,0,13,8,2,0,3,0,0,0,1,4,31,16,24,15,4,2,27,14,0,0,0,0,0,0,0,0,2,0,0,0,0,0,2,2,1,0,0,0,0,1,0,0,0,0,0,0,0,0,0,0,0,1,1,0,0,0,1,0,3,2,2,1,0,0,0,0,3,1,2,1,0,0,0,0
2015-06-12,485,21,18,19,5,5,2,21,8,44,24,25,8,6,3,33,23,16,15,15,5,6,1,12,8,2,0,3,0,0,0,1,4,31,16,24,15,4,2,26,14,0,0,1,0,0,0,0,0,1,0,0,0,0,0,2,0,2,0,2,0,0,0,2,0,0,0,0,0,0,0,0,0,1,0,0,0,0,0,1,0,1,2,1,0,0,1,2,0,1,2,1,0,0,1,2,0
2015-07-12,483,21,17,18,3,5,2,21,8,44,24,25,10,6,3,34,22,16,14,14,5,5,1,12,8,2,0,3,0,0,0,1,4,32,16,25,15,4,2,27,14,0,0,1,0,0,0,0,0,0,1,0,0,0,0,1,1,0,1,0,0,0,0,0,0,0,0,0,0,0,0,0,0,0,0,0,0,0,0,0,0,0,0,0,0,0,0,3,0,0,0,0,0,0,0,2,0
2015-08-12,483,18,16,18,3,6,1,21,9,46,25,24,10,6,3,33,21,17,12,14,5,5,1,12,8,3,0,3,0,0,0,1,4,32,17,26,15,4,2,28,14,0,0,0,0,0,1,0,0,1,0,1,0,0,0,1,1,0,1,1,0,0,0,0,0,0,0,0,0,0,0,0,0,0,0,0,0,0,0,0,0,2,0,2,0,1,0,0,1,2,0,2,0,1,0,0,1
2015-09-12,481,18,16,20,3,6,1,24,7,46,25,24,10,6,3,31,22,15,12,13,5,5,1,12,8,2,0,3,0,0,0,1,4,32,17,24,15,4,2,29,15,0,0,1,0,0,0,0,0,0,0,0,0,0,0,2,1,1,0,1,0,0,0,0,0,1,0,0,0,0,0,0,0,0,0,1,0,0,0,0,0,0,0,2,0,0,0,3,0,0,0,2,0,0,0,3,0
2015-10-12,477,19,16,19,3,6,1,24,7,45,25,23,10,6,3,29,22,14,12,14,4,5,1,13,8,2,0,3,0,0,0,1,4,31,17,24,15,4,2,29,16,0,0,1,0,0,0,0,0,1,0,1,0,0,0,2,0,1,0,0,0,0,0,0,0,0,0,0,0,0,0,0,0,1,0,0,0,0,0,0,0,1,0,1,0,0,0,1,0,1,0,1,0,0,0,1,0
2015-11-12,474,20,17,17,3,6,0,21,5,45,25,25,10,5,3,30,24,14,12,13,4,5,1,13,9,2,0,3,0,0,0,1,4,30,17,24,15,4,2,30,15,0,0,0,0,0,1,1,1,0,0,0,0,1,0,1,0,0,0,1,0,0,0,2,0,0,0,0,0,0,0,0,0,1,0,0,0,0,0,0,1,1,1,1,0,0,0,2,2,1,1,1,0,0,0,2,2
2015-12-12,473,18,15,18,4,6,0,20,5,47,25,23,10,5,3,30,24,16,12,13,2,5,1,14,10,2,0,3,0,0,0,1,4,30,17,23,14,4,2,30,17,1,1,1,0,0,0,0,0,0,1,2,0,0,0,2,0,0,0,0,0,0,0,0,0,0,0,0,0,0,0,0,0,0,0,1,1,0,0,0,0,3,0,2,1,0,0,2,1,2,0,2,1,0,0,2,1
2016-01-12,479,20,15,18,4,5,1,21,5,47,26,24,10,5,3,29,24,17,14,13,2,5,1,14,9,2,0,3,0,0,0,1,4,31,17,22,14,4,2,30,17,0,0,0,0,1,0,0,0,0,1,0,0,0,0,1,0,0,0,2,0,0,0,0,0,0,0,0,0,0,0,0,0,0,0,1,0,0,0,0,0,2,3,2,0,0,1,1,0,2,2,2,0,0,1,1,0
2016-02-12,482,23,12,18,4,5,1,21,3,47,27,24,10,5,3,29,26,21,12,12,2,5,1,14,8,2,1,3,0,0,0,1,4,30,17,21,14,4,2,32,18,0,0,0,0,0,0,1,0,0,2,0,0,0,0,0,0,0,0,1,0,0,0,1,0,0,0,0,0,0,0,0,0,1,0,1,0,0,0,0,0,5,1,0,0,0,0,2,0,3,1,0,0,0,0,1,0
2016-03-12,488,25,12,20,4,5,1,21,4,48,27,24,10,4,3,29,26,19,13,13,3,5,1,12,7,2,1,3,0,0,0,3,4,31,17,20,14,4,2,32,19,1,0,0,0,0,0,0,0,0,0,0,0,1,0,0,0,1,0,0,0,0,0,0,1,0,0,0,0,0,0,0,0,0,0,1,0,0,0,0,0,3,1,4,1,0,0,0,1,3,1,4,1,0,0,0,1
2016-04-12,487,26,12,20,4,5,1,23,5,47,26,24,9,5,3,28,26,19,13,13,3,4,1,12,8,2,1,3,0,0,0,3,4,31,15,21,14,4,1,33,18,1,0,0,0,0,0,0,0,2,1,0,1,0,0,1,0,1,0,0,0,0,0,0,0,0,0,0,0,0,0,0,0,0,2,0,0,0,1,0,1,4,0,0,0,1,0,1,1,4,0,0,0,1,0,1,1
2016-05-12,493,28,12,22,4,5,1,21,5,47,26,24,9,5,3,28,26,19,12,17,3,2,1,10,7,2,1,3,0,0,0,3,4,31,16,24,13,4,1,34,20,0,0,0,0,0,0,1,0,0,0,0,0,0,0,1,0,0,0,0,0,0,0,0,0,0,0,0,0,0,0,0,0,0,0,0,1,0,0,0,0,2,0,4,0,0,0,0,0,2,0,2,0,0,0,0,0
2016-06-12,487,26,9,20,4,5,1,19,4,48,29,23,9,5,2,28,27,18,13,18,3,2,1,11,8,3,1,3,0,0,0,3,4,31,14,24,13,4,1,33,20,1,1,3,0,0,0,1,0,0,0,2,0,0,1,1,0,0,0,0,0,0,0,0,1,0,0,0,0,0,0,0,0,0,2,0,0,0,0,1,0,0,2,2,0,0,0,1,2,0,2,2,0,0,0,1,2
2016-07-12,484,26,9,18,4,5,1,17,4,49,29,24,9,5,2,30,26,19,13,18,3,2,0,10,8,3,1,3,0,0,0,3,5,31,13,24,12,3,1,34,20,0,0,1,0,0,0,0,0,0,0,0,0,0,0,0,1,0,1,0,0,0,1,1,1,0,0,0,0,0,0,0,0,0,1,0,1,1,0,0,0,2,1,0,0,0,0,0,2,2,1,0,0,0,0,0,2
2016-08-12,483,28,10,17,4,5,1,18,4,47,28,24,9,5,2,29,26,19,14,17,2,2,0,11,8,3,1,3,0,0,0,3,5,32,13,23,12,3,1,34,20,0,0,1,0,0,0,0,0,2,1,0,0,0,0,1,0,0,0,2,0,0,0,0,0,0,1,0,0,0,0,0,0,0,0,1,0,0,0,0,0,2,3,1,0,0,0,2,0,2,3,1,0,0,0,2,0
2016-09-12,490,30,9,18,4,5,2,20,4,46,29,23,8,5,2,29,26,19,14,17,2,5,1,15,7,3,1,3,0,0,0,3,5,30,14,23,12,2,1,33,20,0,0,0,0,0,0,0,0,1,0,1,1,0,0,1,0,1,0,0,0,0,0,0,1,0,0,0,0,0,0,0,0,2,0,0,0,1,0,1,0,2,0,2,0,2,1,4,0,2,0,1,0,1,1,4,0
2016-10-12,486,30,9,18,4,4,2,22,4,46,29,22,8,5,2,30,24,20,14,17,2,5,1,14,8,3,1,3,0,0,0,3,4,30,14,22,12,2,1,32,19,0,0,0,0,1,0,1,0,1,0,1,0,0,0,0,2,0,0,0,0,0,0,1,0,0,0,0,0,0,0,0,1,0,1,1,0,0,0,1,0,2,0,0,0,0,0,2,1,2,0,0,0,0,0,2,1
2016-11-12,481,29,8,16,5,3,2,20,4,45,30,21,8,3,2,32,24,20,14,18,2,6,1,12,8,3,1,3,0,0,0,4,3,30,14,22,12,2,1,33,20,1,0,1,0,1,0,1,0,2,1,2,0,2,0,0,0,2,0,0,0,0,0,0,0,0,0,0,0,0,0,0,1,0,0,0,0,0,0,0,1,2,1,2,1,1,0,1,0,2,1,2,1,1,0,1,0
2016-12-12,476,29,9,13,5,3,2,20,4,43,30,23,8,3,2,31,24,18,14,17,4,6,1,11,6,3,1,3,0,0,0,4,3,29,15,22,12,2,1,35,20,1,0,1,0,0,0,1,0,2,0,0,0,0,0,1,0,1,0,0,0,0,0,1,1,0,0,0,0,0,0,0,0,1,0,0,0,0,0,0,0,1,1,0,1,0,0,1,0,1,1,0,1,0,0,1,0
2017-01-12,481,28,10,13,5,2,2,21,6,44,30,24,8,3,2,31,24,17,14,18,4,5,1,14,5,4,1,3,0,0,0,4,3,27,15,23,13,2,1,34,20,1,0,0,0,0,0,0,0,1,0,0,0,1,0,1,0,0,0,0,0,0,0,0,0,0,0,0,0,0,0,0,0,2,0,0,0,0,0,1,0,1,1,1,0,0,0,3,1,1,1,1,0,0,0,3,1
2017-02-12,484,27,10,12,6,2,2,21,8,44,30,25,9,3,2,30,24,19,12,18,4,4,1,15,7,4,2,3,0,0,0,4,2,26,15,23,13,2,1,34,20,1,0,1,0,0,0,1,0,0,0,0,0,0,0,1,0,1,0,1,0,0,0,1,0,0,0,0,0,0,0,0,1,2,0,1,0,0,0,0,0,2,0,2,1,0,0,3,3,2,0,2,1,0,0,2,3
2017-03-12,483,27,14,13,7,2,2,21,8,43,30,26,9,2,2,29,23,19,10,16,4,3,1,14,7,4,3,3,0,0,0,5,1,26,15,23,13,2,0,36,20,0,0,0,0,0,0,0,0,1,0,0,0,1,0,1,1,0,1,1,0,1,0,0,0,0,0,0,0,0,0,0,0,0,0,0,0,0,1,0,0,0,4,2,1,0,0,0,0,0,3,2,1,0,0,0,0
2017-04-12,489,29,16,14,7,1,2,21,8,43,30,26,8,3,2,29,23,17,12,16,4,3,1,15,8,5,3,3,0,0,0,5,1,26,14,22,13,3,0,36,20,1,0,0,0,0,0,0,0,1,0,0,1,0,0,1,0,2,0,0,0,0,0,0,0,0,0,0,0,0,0,0,0,0,1,1,0,0,0,0,0,3,3,1,0,0,0,1,1,3,3,1,0,0,0,1,1
2017-05-12,491,27,14,14,5,1,2,21,8,45,31,26,10,3,2,29,23,17,12,18,4,3,1,15,9,5,3,3,0,0,0,5,1,26,14,22,13,3,0,35,21,0,0,0,0,0,0,0,0,0,1,1,0,0,0,0,0,0,0,0,0,0,0,1,0,0,0,0,0,0,0,0,0,0,0,0,0,0,0,1,0,1,0,2,0,0,0,1,1,1,0,2,0,0,0,1,1
2017-06-12,488,28,13,15,5,1,2,20,8,46,31,26,10,3,2,29,21,20,10,16,4,3,1,14,11,5,3,4,0,0,0,4,1,22,13,23,14,3,0,36,21,0,1,1,0,0,0,0,0,0,0,0,0,0,0,2,2,0,1,1,0,0,0,1,0,0,0,0,0,0,0,1,0,4,1,0,0,0,0,0,0,3,1,2,0,0,0,1,1,2,1,2,0,0,0,1,1
2017-07-12,486,29,14,15,5,1,2,19,8,45,31,25,10,3,2,29,21,20,10,18,4,3,0,15,11,5,3,4,0,0,0,4,1,22,12,22,14,3,0,36,20,0,0,0,0,0,0,0,0,1,0,1,0,0,0,1,0,0,0,0,0,0,1,0,0,0,0,0,0,0,0,0,0,0,1,1,0,0,0,0,1,1,1,2,0,0,0,1,0,1,1,1,0,0,0,1,0
2017-08-12,483,28,14,15,4,1,2,19,7,44,31,25,10,3,2,28,22,18,11,17,4,3,0,16,11,6,3,4,0,0,0,4,1,22,13,21,14,3,0,37,20,1,1,1,1,0,0,0,0,1,0,0,0,0,0,1,0,0,0,0,0,0,0,0,0,0,0,0,0,0,0,0,0,0,0,1,0,0,0,0,0,0,1,1,0,0,0,1,0,0,1,1,0,0,0,1,0
2017-09-12,483,26,15,17,4,1,2,19,7,42,30,25,10,3,2,27,21,19,12,19,4,3,0,16,12,4,2,4,0,0,0,4,1,23,13,21,14,3,0,38,20,2,0,1,0,0,0,0,0,2,1,0,0,0,0,1,1,0,0,0,0,0,0,1,0,1,0,0,0,0,0,0,0,0,0,0,0,0,0,0,0,1,1,4,0,0,0,1,1,1,1,4,0,0,0,1,1
2017-10-12,483,27,14,16,4,1,2,19,7,42,30,24,10,3,2,27,21,20,12,18,4,5,0,15,13,4,2,4,0,0,0,4,1,23,12,21,14,3,0,38,21,1,1,1,0,0,0,1,0,0,0,1,0,0,0,0,0,2,1,0,0,0,0,0,0,0,0,0,0,0,0,0,0,1,1,0,0,0,0,0,0,5,1,0,0,1,0,1,1,4,1,0,0,1,0,1,1
2017-11-12,486,28,13,17,4,1,2,18,6,43,31,24,10,2,2,27,21,22,13,18,4,5,0,14,12,4,2,4,0,0,0,5,1,23,12,21,15,3,0,39,20,0,0,0,0,0,0,1,1,0,0,0,0,1,0,0,1,0,0,0,0,0,0,0,1,0,0,0,0,0,0,0,0,0,0,0,0,0,0,0,1,3,1,1,0,0,0,1,1,3,1,1,0,0,0,1,1
2017-12-12,486,30,13,16,4,1,2,18,7,41,31,25,11,2,2,28,19,21,13,20,5,5,0,14,13,4,2,4,0,0,0,5,1,22,12,20,14,3,0,38,20,0,0,0,0,0,0,0,0,2,0,0,0,0,0,0,2,2,0,1,0,0,0,0,0,0,0,0,0,0,0,0,0,0,0,1,1,0,0,1,1,2,0,3,1,0,0,1,2,2,0,2,1,0,0,1,2
2018-01-12,490,30,10,15,4,1,1,17,7,42,32,25,11,2,3,29,19,24,15,19,6,5,0,14,13,4,3,4,0,0,0,5,1,22,12,20,14,2,0,39,20,0,1,1,0,0,0,0,0,0,1,0,0,0,0,0,0,0,0,0,0,0,0,1,0,0,0,0,0,0,0,0,0,0,0,0,0,1,0,0,0,3,2,0,1,0,0,1,0,3,1,0,1,0,0,1,0
2018-02-12,490,28,10,15,6,1,1,15,7,42,32,23,11,2,3,30,19,22,15,22,6,5,0,15,13,5,3,4,0,0,0,4,1,23,11,20,14,2,0,40,20,0,0,1,0,0,0,1,0,2,0,2,0,0,0,0,0,0,0,0,0,0,0,0,0,0,0,0,0,0,0,0,0,1,1,0,0,0,0,0,0,0,1,3,2,0,0,1,0,0,1,2,2,0,0,1,0
2018-03-12,487,24,11,15,6,1,1,14,7,43,32,23,11,2,3,30,20,22,15,22,5,5,0,15,12,5,3,4,0,0,0,4,1,23,11,20,15,1,0,40,21,1,1,0,0,0,0,1,0,2,0,0,0,0,0,0,0,1,0,0,0,0,0,0,1,0,0,0,0,0,0,0,0,0,0,0,0,1,0,0,0,1,2,0,0,0,0,0,1,1,2,0,0,0,0,0,1
2018-04-12,482,22,10,15,6,0,1,16,6,43,31,23,11,3,3,31,21,22,15,23,5,4,0,15,11,5,3,4,0,0,0,4,1,22,12,19,15,1,0,38,21,1,1,1,0,0,0,0,0,1,1,0,0,0,0,0,0,1,0,0,0,1,0,1,1,0,0,0,0,0,0,0,0,1,0,0,0,0,0,2,0,1,0,1,0,0,0,3,0,1,0,1,0,0,0,3,0
2018-05-12,487,24,12,15,6,0,1,19,6,45,29,24,11,3,3,31,21,22,14,22,5,4,0,17,10,5,2,4,0,0,0,3,1,21,13,19,15,1,0,39,20,0,0,1,0,0,0,0,0,0,2,0,0,0,0,0,0,1,1,1,0,0,0,0,1,0,0,0,0,0,0,1,0,1,0,0,1,0,0,0,1,3,1,2,0,0,0,3,0,2,1,2,0,0,0,3,0
2018-06-12,477,23,11,16,6,0,1,19,6,44,28,25,10,3,3,28,21,20,13,21,5,3,0,17,9,5,2,4,0,0,0,3,1,22,14,19,16,1,0,38,20,1,1,0,0,0,0,1,0,1,1,0,1,0,0,3,0,2,0,0,0,1,0,0,0,0,0,0,0,0,0,0,0,1,0,0,0,0,0,1,0,0,0,1,0,0,0,2,0,0,0,1,0,0,0,2,0
2018-07-12,472,24,10,18,6,0,1,19,6,43,28,25,10,2,3,28,21,18,12,22,5,3,0,18,5,6,2,4,0,0,0,3,1,22,15,19,16,0,0,37,20,0,1,0,0,0,0,0,0,2,0,0,0,1,0,0,0,1,1,0,0,0,0,1,2,0,0,0,0,0,0,0,0,1,0,1,1,1,0,0,0,3,0,2,0,0,0,1,0,3,0,2,0,0,0,1,0
2018-08-12,473,21,13,19,6,0,1,20,7,45,28,25,10,2,3,28,20,18,11,21,5,3,0,17,5,6,1,5,0,0,0,3,1,21,15,19,16,0,0,38,20,1,0,0,0,0,0,1,0,0,0,0,0,0,0,0,1,0,0,1,0,0,0,1,1,0,0,0,0,0,0,0,0,1,0,0,1,0,0,0,0,0,2,1,0,0,0,2,1,0,2,1,0,0,0,2,1
2018-09-12,470,20,14,19,6,0,0,20,7,45,28,26,10,2,4,26,20,16,10,21,5,3,0,17,5,6,1,5,0,0,0,3,1,21,16,18,15,0,0,39,21,0,0,0,0,0,0,1,0,1,0,0,0,0,0,3,0,2,1,0,0,0,0,0,0,0,0,0,0,0,0,0,0,0,0,0,1,0,0,0,0,1,1,2,0,0,0,1,0,1,1,1,0,0,0,1,0
2018-10-12,467,19,16,20,6,0,0,16,7,46,28,25,9,2,4,29,19,17,13,21,5,3,0,16,4,6,1,3,0,0,0,3,1,20,16,18,15,0,0,39,20,0,0,0,0,0,0,0,0,0,0,1,1,0,0,1,1,0,0,2,0,0,0,1,1,0,0,1,0,0,0,0,0,1,0,0,0,0,0,1,1,1,3,2,0,0,0,0,0,1,2,2,0,0,0,0,0
2018-11-12,470,17,16,20,5,0,0,17,9,46,28,24,10,2,4,29,19,18,13,20,4,2,0,18,4,6,1,3,0,0,0,3,1,22,16,18,15,0,0,39,21,2,0,2,0,0,0,0,0,0,0,1,0,0,0,1,0,0,1,0,0,0,0,0,0,0,0,0,0,0,0,0,0,0,0,0,0,0,0,0,0,1,1,1,0,0,0,3,2,1,1,1,0,0,0,3,1
2018-12-12,476,17,17,23,5,0,0,18,9,47,29,23,10,2,4,29,19,20,13,20,1,2,0,20,4,6,1,3,0,0,0,3,0,22,16,17,15,0,0,39,22,1,0,0,0,0,0,0,0,0,0,1,0,0,0,1,0,0,0,1,1,0,0,1,0,0,0,0,0,0,0,0,1,0,0,1,0,0,0,0,1,3,2,3,0,0,0,4,0,2,2,2,0,0,0,3,0
2019-01-12,472,16,17,22,5,0,0,18,7,46,29,22,10,2,4,27,21,21,15,18,2,2,0,19,6,5,1,2,0,0,0,4,0,23,17,18,15,0,0,38,20,0,0,1,0,0,0,0,0,2,0,2,0,0,0,2,0,1,0,1,0,0,0,0,0,1,0,1,0,0,0,0,0,1,0,0,0,0,0,1,0,1,2,1,1,0,0,1,1,1,2,1,1,0,0,1,1
2019-02-12,475,17,17,21,4,0,0,19,9,45,28,22,11,2,4,26,22,20,15,18,2,2,0,22,5,5,1,2,0,0,0,4,1,22,18,17,14,0,0,39,21,0,1,0,0,0,0,0,0,1,1,1,0,0,0,1,0,1,1,0,0,0,0,0,0,0,0,0,0,0,0,0,0,1,0,0,1,0,0,0,0,2,1,1,0,0,0,3,2,2,1,1,0,0,0,3,2
2019-03-12,479,20,17,21,3,0,0,20,9,44,28,21,12,2,4,25,22,22,15,18,2,2,0,23,7,5,1,2,0,0,0,4,1,22,18,17,13,0,0,39,20,0,0,0,0,0,0,0,0,1,0,1,0,0,0,1,0,0,0,0,0,0,0,0,0,0,0,0,0,0,0,0,0,0,0,0,1,0,0,0,1,3,0,0,0,0,0,2,1,2,0,0,0,0,0,2,1
2019-04-12,486,19,18,19,3,0,0,19,9,46,28,21,12,2,4,25,22,29,15,18,2,2,0,22,7,6,0,2,0,0,0,5,1,25,16,17,13,0,0,39,20,0,0,2,0,0,0,0,0,0,1,0,0,0,0,1,0,0,0,0,0,0,0,0,0,0,0,0,0,0,0,0,0,0,2,0,0,0,0,0,0,5,2,0,0,0,0,0,0,5,2,0,0,0,0,0,0
2019-05-12,484,21,18,19,4,0,0,19,9,44,25,22,12,2,4,25,21,30,15,16,3,1,0,20,7,6,0,2,0,0,0,3,1,29,17,17,14,0,0,39,19,1,0,0,0,0,0,0,0,2,3,0,0,0,0,0,1,0,0,0,0,1,0,1,0,0,0,0,0,0,0,0,0,0,0,0,0,0,0,0,1,2,0,1,1,0,0,0,1,1,0,1,1,0,0,0,1
2019-06-12,483,19,20,17,4,0,0,18,8,45,25,22,12,2,4,26,21,28,13,17,3,1,0,21,7,6,0,2,0,0,0,3,1,28,18,17,15,0,0,41,19,1,0,2,0,0,0,1,1,1,0,0,0,0,0,0,0,1,1,1,0,0,0,0,0,0,0,0,0,0,0,0,0,1,0,1,0,0,0,0,0,3,2,2,0,0,0,2,0,3,2,2,0,0,0,2,0
2019-07-12,478,19,19,18,4,0,0,18,8,44,25,21,12,2,4,26,21,27,13,16,3,1,0,20,9,6,0,2,0,0,0,3,1,28,17,17,14,0,0,40,20,0,0,0,0,0,0,1,0,1,1,1,0,0,0,0,0,2,0,0,0,0,0,1,0,0,0,0,0,0,0,0,0,1,1,0,1,0,0,1,0,1,0,1,0,0,0,2,1,1,0,1,0,0,0,2,1
2019-08-12,476,20,18,18,4,0,0,18,8,42,26,21,12,2,4,25,21,26,13,16,3,1,0,20,12,6,0,2,0,0,0,3,1,30,16,15,14,0,0,39,20,1,0,1,0,0,0,1,0,2,0,0,0,0,0,1,0,2,1,0,0,0,0,0,0,0,0,0,0,0,0,0,0,0,1,2,0,0,0,0,0,2,1,1,0,0,0,2,2,2,1,1,0,0,0,1,2
2019-09-12,473,20,19,16,5,0,0,19,8,42,25,21,12,2,4,24,21,26,12,16,2,1,0,20,11,6,1,2,0,0,0,3,1,29,15,16,15,0,0,39,20,0,0,0,0,0,0,0,0,0,2,3,0,0,0,1,0,0,0,0,1,0,0,0,0,0,0,0,0,0,0,0,0,1,1,0,0,0,0,0,0,0,2,2,1,0,0,1,0,0,2,2,1,0,0,1,0
2019-10-12,471,19,18,18,6,0,0,19,8,42,24,21,12,2,3,25,21,25,12,15,2,0,0,20,11,5,1,2,0,0,0,3,1,31,16,16,15,0,0,38,20,1,1,0,0,0,0,1,0,1,1,0,0,0,1,0,0,0,0,1,0,0,0,0,0,1,0,0,0,0,0,0,0,0,0,0,0,0,0,0,0,1,0,1,1,0,0,1,0,1,0,1,1,0,0,1,0
2019-11-12,467,20,17,19,6,0,0,18,8,41,23,19,12,2,3,25,22,24,11,15,2,0,0,19,11,5,1,3,0,0,0,3,1,32,17,16,15,0,0,37,20,0,1,2,0,0,0,1,0,1,1,2,0,0,0,0,0,1,0,0,0,0,0,0,1,0,0,0,0,0,0,0,0,0,0,1,0,0,0,1,0,2,0,4,0,0,0,0,2,2,0,4,0,0,0,0,2
2019-12-12,466,19,17,20,5,0,0,18,7,42,22,18,12,2,3,24,23,24,13,13,1,0,0,19,13,5,1,3,0,0,0,3,1,32,18,17,15,0,0,37,19,1,1,1,0,0,0,0,0,0,1,1,1,0,0,1,0,1,1,2,0,0,0,0,0,0,0,0,0,0,0,0,0,1,0,0,0,0,0,0,1,2,3,4,0,0,0,0,1,2,3,3,0,0,0,0,1
2020-01-12,468,19,17,20,5,0,0,18,8,42,22,18,11,2,3,24,23,22,12,14,1,0,0,22,13,5,1,3,0,0,0,3,1,32,19,18,15,0,0,37,18,0,0,0,0,0,0,0,0,0,0,0,1,0,0,0,0,0,0,0,0,0,0,0,0,0,0,0,0,0,0,0,0,1,0,0,0,0,0,0,1,0,0,1,0,0,0,2,1,0,0,1,0,0,0,2,1
2020-02-12,471,19,18,21,3,0,0,18,9,42,21,18,13,2,3,24,23,24,13,14,1,0,0,20,14,5,1,3,0,0,0,3,1,31,19,18,15,0,0,37,18,0,0,0,0,0,0,0,0,0,1,0,0,0,0,0,0,2,0,0,0,0,0,2,0,0,0,0,0,0,0,0,0,2,0,0,0,0,0,0,0,2,1,2,0,0,0,0,2,2,1,1,0,0,0,0,2
2020-03-12,469,20,16,21,3,0,0,21,9,41,23,17,13,2,3,24,22,22,12,13,1,0,0,21,14,5,1,3,0,0,0,3,1,32,19,18,15,0,0,36,18,0,0,0,0,0,0,0,0,1,0,1,0,0,0,0,1,2,0,1,0,0,0,0,0,0,0,0,0,0,0,0,0,0,0,0,0,0,0,1,0,1,0,0,0,0,0,2,0,1,0,0,0,0,0,2,0
2020-04-12,467,20,17,20,3,0,0,19,9,39,23,18,13,2,3,26,22,22,14,13,1,0,0,20,15,5,1,2,0,0,0,3,1,32,18,18,15,0,0,35,18,0,0,0,0,0,0,1,0,2,0,0,0,0,0,0,0,0,0,0,0,0,0,0,0,0,0,1,0,0,0,0,0,0,1,1,0,0,0,1,0,0,2,0,0,0,0,1,1,0,1,0,0,0,0,1,1
2020-05-12,469,20,16,19,3,0,0,17,9,43,23,18,13,2,3,27,22,23,14,13,1,0,0,18,15,5,1,2,0,0,0,4,1,32,18,18,15,0,0,36,18,0,0,1,0,0,0,1,0,0,1,1,0,0,0,0,0,0,0,0,0,0,0,0,1,0,0,0,0,0,0,0,0,1,0,0,0,0,0,0,0,4,0,2,0,0,0,0,1,3,0,1,0,0,0,0,1
2020-06-12,459,20,17,19,3,0,0,16,8,42,22,19,12,2,2,25,22,22,14,14,1,0,0,15,15,5,1,2,0,0,0,4,1,31,18,18,15,0,0,36,18,1,0,0,0,0,0,1,1,1,1,0,1,0,1,3,0,1,0,0,0,0,0,2,0,0,0,0,0,0,0,0,0,1,0,1,0,0,0,0,0,1,1,2,0,0,0,1,0,1,1,2,0,0,0,1,0
2020-07-12,466,20,19,22,5,0,0,17,8,41,22,19,12,2,2,24,22,21,14,15,1,0,0,14,15,5,1,2,0,0,0,4,1,31,18,18,15,0,0,37,19,1,0,0,0,0,0,0,0,2,0,0,0,0,0,1,0,2,0,0,0,0,0,1,0,0,0,0,0,0,0,0,0,1,0,0,0,0,0,0,0,2,1,3,1,0,0,2,0,2,1,3,1,0,0,2,0
2020-08-12,465,20,16,22,5,0,0,18,8,41,25,19,12,2,2,25,23,23,12,15,1,0,0,15,15,4,0,2,0,0,0,3,1,32,18,16,15,0,0,37,18,0,0,0,0,0,0,0,0,0,0,0,0,0,0,0,0,0,2,0,0,0,0,0,0,1,1,0,0,0,0,0,0,1,0,2,0,0,0,1,0,2,0,1,0,0,0,3,1,2,0,1,0,0,0,3,1
2020-09-12,464,22,16,21,5,0,0,17,10,39,24,20,12,2,2,26,22,24,11,14,1,0,0,15,16,4,0,3,0,0,0,3,1,30,19,15,15,0,0,37,18,0,0,1,0,0,0,1,0,2,1,0,0,0,0,0,1,0,1,1,0,0,0,0,0,0,0,0,0,0,0,0,0,2,0,0,0,0,0,0,0,3,0,2,0,0,0,1,3,3,0,2,0,0,0,1,2
2020-10-12,462,25,15,20,5,0,0,20,10,38,24,20,12,1,2,25,19,24,10,14,1,0,0,15,16,4,0,3,0,0,0,3,1,30,19,16,14,0,0,38,18,0,0,0,0,0,0,0,0,1,1,1,0,1,0,1,3,0,0,0,0,0,0,0,0,0,0,0,0,0,0,0,0,0,0,0,1,0,0,0,0,2,1,0,0,0,0,2,0,2,1,0,0,0,0,2,0
2020-11-12,464,26,16,18,6,0,0,21,8,38,23,22,12,1,2,26,21,23,10,14,1,0,0,15,16,4,0,3,0,0,0,3,1,29,18,15,14,0,0,39,19,1,0,0,0,0,0,0,0,0,1,0,0,0,0,0,0,1,1,0,0,0,0,1,0,0,0,0,0,0,0,0,0,0,0,0,0,0,0,1,0,2,2,0,1,0,0,2,0,2,2,0,1,0,0,2,0
2020-12-12,461,25,14,17,6,0,0,19,9,36,25,20,12,1,2,28,21,22,10,15,1,0,0,16,16,4,0,3,0,0,0,2,1,29,19,16,15,0,0,38,19,1,0,0,0,0,0,0,0,2,0,3,0,0,0,0,0,1,0,0,0,0,0,0,0,0,0,0,0,0,0,1,0,1,0,0,0,0,0,1,0,0,0,1,0,0,0,2,1,0,0,1,0,0,0,2,1
2021-01-12,463,27,15,16,6,0,0,19,9,35,25,20,12,1,2,28,21,22,9,16,1,0,0,14,16,4,0,3,0,0,0,2,1,30,20,16,15,0,0,39,19,0,1,0,0,0,0,0,1,1,0,1,0,0,0,0,0,0,0,0,0,0,0,1,0,1,0,0,0,0,0,0,0,0,0,0,0,0,0,0,1,2,2,1,0,0,0,0,2,2,2,1,0,0,0,0,1
2021-02-12,460,27,16,17,6,0,0,19,5,34,25,20,12,1,2,27,24,21,7,16,1,0,0,12,16,3,0,3,0,0,0,2,1,32,21,17,15,0,0,39,19,0,0,0,0,0,0,0,1,1,1,0,0,0,0,1,0,1,1,0,0,0,0,1,1,1,0,0,0,0,0,0,0,0,0,0,0,0,0,0,1,1,2,2,0,0,0,1,1,1,1,2,0,0,0,1,1
2021-03-12,466,27,16,18,6,0,0,18,5,37,24,19,11,1,2,28,24,24,7,17,1,0,0,12,14,3,0,3,0,0,0,2,1,31,24,18,15,0,0,39,19,0,0,0,0,0,0,0,0,0,1,1,1,0,0,0,0,1,0,0,0,0,0,0,0,0,0,0,0,0,0,0,0,0,0,0,0,0,0,0,0,5,0,2,0,0,0,0,0,3,0,1,0,0,0,0,0
2021-04-12,462,26,15,16,6,0,0,20,5,36,26,18,11,1,2,28,24,19,7,17,1,0,0,15,14,3,0,3,0,0,0,2,1,30,23,19,14,0,0,41,19,1,0,2,0,0,0,0,0,1,0,1,0,0,0,0,0,0,0,0,0,0,0,0,0,2,0,0,0,0,0,0,0,1,1,0,1,0,0,0,0,0,1,0,0,0,0,3,0,0,1,0,0,0,0,3,0
2021-05-12,469,26,16,18,5,0,0,22,6,38,26,18,12,1,2,27,24,18,6,19,0,0,0,15,12,3,0,3,0,0,0,2,1,31,23,19,14,0,0,43,19,1,0,0,0,0,0,0,0,1,0,0,0,0,0,1,0,0,1,0,0,0,0,0,1,0,0,0,0,0,0,0,0,0,0,0,0,0,0,0,0,3,1,3,0,0,0,1,1,2,1,3,0,0,0,1,1
2021-06-12,464,26,15,17,5,0,0,22,8,38,26,18,12,1,2,26,24,17,7,17,0,0,0,16,12,3,0,3,0,0,0,2,1,28,23,19,14,0,0,43,19,0,0,1,0,0,0,0,0,1,1,0,0,0,0,2,0,2,1,2,0,0,0,0,0,0,0,0,0,0,0,0,0,3,0,0,0,0,0,0,0,2,1,0,0,0,0,1,1,2,1,0,0,0,0,1,1
2021-07-12,462,25,13,18,5,0,0,21,9,37,26,17,12,1,2,25,24,18,9,19,0,0,0,16,12,3,0,3,0,0,0,3,1,28,23,17,14,0,0,42,19,1,2,0,0,0,0,1,0,1,0,1,0,0,0,1,0,0,0,0,0,0,0,0,0,0,0,0,0,0,0,0,0,0,0,2,0,0,0,1,0,1,1,2,0,0,0,1,1,1,1,2,0,0,0,1,1
2021-08-12,460,23,14,18,5,0,0,20,10,39,24,17,12,1,2,24,24,18,9,19,0,0,0,17,9,4,1,3,0,0,0,3,1,30,23,16,14,0,0,41,19,0,0,0,0,0,0,0,0,0,2,0,0,0,0,2,0,0,0,0,0,0,0,0,1,0,0,0,0,0,0,0,0,0,0,1,0,0,0,1,0,1,1,0,0,0,0,1,1,1,1,0,0,0,0,1,1
2021-09-12,455,22,12,16,4,0,0,19,10,37,26,17,13,1,2,25,22,18,9,20,0,0,0,19,9,4,1,3,0,0,0,3,1,29,23,16,14,0,0,41,19,1,0,1,0,0,0,1,0,2,0,1,0,0,0,0,2,0,0,0,0,0,0,0,0,0,0,0,0,0,0,0,0,2,0,0,0,0,0,0,0,0,0,2,0,0,0,2,0,0,0,2,0,0,0,2,0
2021-10-12,452,23,12,15,3,0,0,17,11,35,26,18,14,1,2,24,22,18,10,19,0,0,0,20,10,3,1,3,0,0,0,3,1,29,23,16,14,0,0,40,19,0,0,0,0,0,0,1,0,2,0,1,0,0,0,3,0,0,0,1,0,0,0,0,0,0,0,0,0,0,0,0,0,0,0,0,0,0,0,2,0,1,1,1,0,0,0,2,2,1,1,1,0,0,0,2,2
2021-11-12,454,24,12,14,3,0,0,17,12,36,26,18,14,1,2,23,22,16,13,18,1,0,0,17,10,3,1,3,0,0,0,3,1,30,23,17,14,0,0,41,19,0,0,1,0,0,0,0,0,0,0,2,0,0,0,1,0,1,0,0,0,0,0,3,0,0,0,0,0,0,0,0,0,0,0,0,0,0,0,0,0,2,2,2,1,0,0,0,2,2,2,2,1,0,0,0,2
2021-12-12,460,24,12,13,3,0,0,18,14,37,27,20,13,1,2,23,22,17,12,15,1,0,0,18,9,3,1,4,0,0,0,2,1,31,25,18,14,0,0,41,19,0,0,0,0,0,0,2,0,0,0,0,1,0,0,0,0,0,0,2,0,0,0,1,1,0,0,0,0,0,0,1,0,0,0,0,0,0,0,0,0,1,1,1,0,0,0,4,2,1,1,1,0,0,0,3,2
2022-01-12,458,23,11,13,3,0,0,20,14,36,27,20,13,1,2,23,22,17,13,13,1,0,0,16,10,3,1,4,0,0,0,4,1,31,26,18,14,0,0,40,18,1,1,0,0,0,0,0,0,1,0,0,0,0,0,0,0,1,0,1,0,0,0,0,0,0,0,1,0,0,0,0,0,1,0,0,0,0,0,0,0,1,1,0,0,0,0,2,1,1,1,0,0,0,0,2,1
2022-02-12,457,24,11,16,3,0,0,19,13,35,28,19,13,1,2,23,21,15,12,12,1,0,0,18,10,4,1,3,0,0,0,4,0,31,28,18,14,0,0,40,18,0,0,0,0,0,0,1,0,1,0,1,0,0,0,0,2,1,1,0,0,0,0,0,0,0,0,1,0,0,0,0,1,0,0,0,0,0,0,0,0,1,1,2,0,0,0,2,0,1,1,2,0,0,0,1,0
2022-03-12,455,26,11,16,3,NA,0,19,13,36,26,19,13,NA,2,23,21,15,12,12,1,NA,0,17,11,3,1,3,0,NA,0,5,0,30,27,18,14,NA,0,40,18,0,0,0,0,NA,0,0,0,0,2,0,0,NA,0,0,0,1,0,1,0,NA,0,0,0,1,0,0,0,NA,0,0,0,1,1,0,0,NA,0,0,0,4,0,1,0,NA,0,0,1,4,0,1,0,NA,0,0,1
2022-04-12,456,27,11,18,3,NA,0,17,13,36,26,19,13,NA,2,23,21,14,12,14,1,NA,0,17,11,3,1,3,0,NA,0,5,0,29,27,19,14,NA,0,40,17,0,0,1,0,NA,0,1,0,0,0,0,0,NA,0,1,0,1,0,0,0,NA,0,0,0,0,0,0,0,NA,0,0,0,1,0,0,1,NA,0,0,1,1,1,4,0,NA,0,0,1,1,1,3,0,NA,0,0,1
2022-05-12,460,30,12,18,4,NA,0,16,12,38,25,20,13,NA,2,22,21,16,15,14,1,NA,0,14,10,3,1,3,0,NA,0,5,0,29,27,19,13,NA,0,40,17,0,0,0,0,NA,0,1,1,0,1,0,0,NA,0,1,0,0,0,0,0,NA,0,3,0,0,0,0,0,NA,0,0,0,0,0,0,1,NA,0,1,0,6,2,1,1,NA,0,0,0,3,2,1,1,NA,0,0,0
2022-06-12,458,30,12,18,4,NA,0,16,12,39,25,20,13,NA,2,20,21,18,15,14,1,NA,0,14,10,3,1,3,0,NA,0,5,0,27,27,17,15,NA,0,40,16,1,0,0,0,NA,0,0,0,0,0,0,0,NA,0,2,0,0,0,0,0,NA,0,0,0,0,0,0,0,NA,0,0,0,0,0,2,0,NA,0,0,1,3,0,0,0,NA,0,0,0,3,0,0,0,NA,0,0,0
2022-07-12,456,29,10,18,2,NA,0,14,12,38,27,20,15,NA,2,20,21,17,15,13,3,NA,0,14,9,3,1,3,0,NA,0,4,0,27,29,20,15,NA,0,39,16,1,0,0,0,NA,0,1,0,2,0,1,0,NA,0,1,0,1,0,0,0,NA,0,0,1,0,0,0,0,NA,0,0,0,0,0,0,0,NA,0,1,0,2,0,1,2,NA,0,1,0,2,0,1,2,NA,0,1,0
2022-08-12,452,30,9,19,2,NA,0,12,11,38,26,20,15,NA,2,21,20,15,16,12,3,NA,0,13,9,3,1,3,0,NA,0,5,0,27,29,20,17,NA,0,38,16,0,1,0,0,NA,0,0,1,0,1,0,0,NA,0,1,1,0,0,0,0,NA,0,0,0,0,0,0,0,NA,0,0,0,0,0,1,0,NA,0,1,0,1,1,1,0,NA,0,0,0,1,1,1,0,NA,0,0,0
2022-09-12,441,27,9,19,2,NA,0,12,10,38,25,20,15,NA,2,19,20,14,17,12,3,NA,0,12,8,2,1,3,0,NA,0,4,1,28,29,20,17,NA,0,36,16,2,0,0,0,NA,0,0,0,1,1,1,0,NA,0,2,1,1,0,0,0,NA,0,1,0,1,0,0,0,NA,0,0,0,0,0,0,0,NA,0,2,0,0,1,1,0,NA,0,0,0,0,1,1,0,NA,0,0,0
2022-10-12,446,24,10,20,2,NA,0,10,11,41,25,20,15,NA,2,20,20,15,17,14,3,NA,0,12,7,2,1,3,0,NA,0,4,1,27,30,20,17,NA,0,37,16,0,0,0,0,NA,0,0,0,0,0,0,0,NA,0,1,0,0,0,0,0,NA,0,0,1,0,0,0,0,NA,0,0,0,0,0,0,0,NA,0,0,0,1,2,2,0,NA,0,0,1,1,2,2,0,NA,0,0,1
2022-11-12,441,23,9,18,1,NA,0,8,11,41,25,19,16,NA,2,20,20,15,17,14,4,NA,0,11,9,2,1,3,0,NA,0,4,1,27,30,20,17,NA,0,37,16,0,1,2,0,NA,0,1,0,1,0,1,0,NA,0,1,0,0,0,0,0,NA,0,0,1,0,0,0,0,NA,0,0,0,1,0,0,0,NA,0,0,0,0,0,0,1,NA,0,0,3,0,0,0,1,NA,0,0,3
2022-12-12,437,23,9,17,1,NA,0,8,11,40,25,19,16,NA,2,20,21,15,15,13,4,NA,0,13,9,2,1,3,0,NA,0,4,1,26,30,20,17,NA,0,36,16,1,0,1,0,NA,0,0,0,1,0,0,0,NA,0,0,0,0,2,0,0,NA,0,0,0,0,0,0,0,NA,0,0,0,2,0,0,0,NA,0,2,1,1,0,1,0,NA,0,3,1,1,0,1,0,NA,0,3,1
2023-01-12,440,22,9,17,1,NA,0,10,12,40,25,19,16,NA,2,20,21,15,15,13,4,NA,0,13,8,3,1,3,0,NA,0,4,1,27,30,20,17,NA,0,36,16,1,0,1,0,NA,0,0,0,1,1,0,0,NA,0,0,0,0,1,1,0,NA,0,0,1,0,0,0,0,NA,0,0,0,0,0,0,0,NA,0,0,0,2,1,2,0,NA,0,1,1,2,1,2,0,NA,0,1,1
2023-02-12,440,22,7,16,2,NA,0,12,12,40,25,19,16,NA,2,19,21,15,15,14,4,NA,0,13,7,3,1,3,0,NA,0,4,1,28,29,21,17,NA,0,36,16,0,0,1,0,NA,0,1,0,0,2,0,0,NA,0,1,0,0,0,0,0,NA,0,1,0,0,0,0,0,NA,0,0,0,0,1,0,0,NA,0,0,0,0,0,1,1,NA,0,2,0,0,0,1,1,NA,0,2,0
2023-03-12,439,20,7,15,2,NA,0,12,13,42,24,20,16,NA,2,19,21,14,15,13,4,NA,0,13,9,3,1,3,0,NA,0,4,1,27,29,20,17,NA,0,37,16,0,0,0,0,NA,0,0,0,1,1,0,0,NA,0,0,0,1,0,2,0,NA,0,0,0,0,0,0,0,NA,0,0,0,1,2,1,0,NA,0,0,0,3,0,1,0,NA,0,0,2,3,0,1,0,NA,0,0,1
2023-04-12,446,22,7,17,2,NA,0,14,13,40,25,19,16,NA,2,20,21,14,15,16,4,NA,0,12,9,3,1,3,0,NA,0,5,1,26,29,20,17,NA,0,37,16,0,0,1,0,NA,0,0,0,2,0,1,0,NA,0,0,0,0,0,0,0,NA,0,0,0,0,0,0,0,NA,0,0,0,1,0,0,0,NA,0,0,0,1,1,4,0,NA,0,3,0,1,1,4,0,NA,0,3,0
2023-05-12,447,18,6,16,2,NA,0,14,13,43,25,21,16,NA,2,20,22,15,16,15,4,NA,0,12,9,3,1,3,0,NA,0,5,1,25,29,20,17,NA,0,38,16,1,1,0,0,NA,0,0,0,0,0,0,0,NA,0,0,0,1,0,0,0,NA,0,0,0,0,0,0,0,NA,0,0,0,1,0,0,0,NA,0,0,0,1,1,1,0,NA,0,0,1,1,1,1,0,NA,0,0,1
2023-06-12,457,19,7,15,4,NA,0,13,11,43,24,21,16,NA,2,21,24,19,15,18,7,NA,0,12,8,3,1,3,0,NA,0,5,1,24,28,21,17,NA,0,39,16,2,0,1,0,NA,0,0,0,1,1,0,0,NA,0,0,0,0,0,0,0,NA,0,0,1,0,0,0,0,NA,0,0,0,1,0,1,0,NA,0,0,0,5,2,2,4,NA,0,0,0,5,2,2,3,NA,0,0,0
2023-07-12,453,20,7,13,4,NA,0,13,10,42,24,22,16,NA,2,21,25,19,12,17,7,NA,0,12,8,3,1,3,0,NA,0,5,0,26,27,21,17,NA,0,40,16,0,0,1,0,NA,0,0,0,1,0,0,0,NA,0,0,0,1,1,0,0,NA,0,0,0,0,0,0,0,NA,0,0,1,0,1,1,0,NA,0,0,0,1,0,0,0,NA,0,1,0,1,0,0,0,NA,0,1,0
2023-08-12,470,24,7,15,4,NA,0,13,11,41,25,22,16,NA,1,21,26,22,15,17,7,NA,0,13,12,3,1,3,0,NA,0,5,0,26,27,21,16,NA,0,39,17,0,0,0,0,NA,0,2,0,1,0,0,0,NA,1,0,0,0,0,0,0,NA,0,0,0,0,0,0,0,NA,0,0,0,0,0,0,1,NA,0,1,0,6,3,2,0,NA,0,3,4,4,3,1,0,NA,0,3,3
2023-09-12,473,25,10,15,4,NA,0,13,13,40,25,22,16,NA,1,20,26,22,15,16,7,NA,0,13,12,2,1,4,0,NA,0,5,0,26,28,20,17,NA,0,38,17,0,0,0,0,NA,0,0,0,1,0,0,0,NA,0,1,0,0,0,0,0,NA,0,0,0,1,0,0,0,NA,0,0,0,0,0,1,0,NA,0,0,0,1,2,0,0,NA,0,1,1,1,2,0,0,NA,0,1,1
2023-10-12,477,27,11,17,4,NA,0,12,12,40,25,22,15,NA,1,21,27,22,15,16,7,NA,0,13,12,2,1,4,0,NA,0,5,0,24,29,20,18,NA,0,38,17,0,0,0,0,NA,0,0,0,0,0,0,1,NA,0,0,0,0,0,0,0,NA,0,0,1,0,0,0,0,NA,0,0,0,1,0,0,0,NA,0,0,0,2,1,2,0,NA,0,1,1,1,1,2,0,NA,0,1,1
2023-11-12,481,26,12,16,5,NA,0,13,12,41,25,22,15,NA,1,21,28,22,12,17,6,NA,0,13,13,2,2,3,0,NA,0,5,0,25,30,20,18,NA,0,39,17,0,0,1,0,NA,0,0,1,1,0,1,0,NA,0,0,0,1,2,1,0,NA,0,0,0,0,0,0,0,NA,0,0,0,0,0,0,0,NA,0,0,0,2,1,3,1,NA,0,1,2,2,1,2,1,NA,0,1,2
2023-12-12,482,26,11,17,5,NA,0,9,10,41,26,21,15,NA,1,23,30,24,12,19,6,NA,0,11,12,2,2,4,0,NA,0,5,0,25,31,21,18,NA,0,38,17,1,0,0,0,NA,0,3,0,0,0,1,0,NA,0,0,0,0,0,0,0,NA,0,0,0,0,0,0,0,NA,0,0,0,1,0,0,0,NA,0,1,0,3,0,2,0,NA,0,1,0,3,0,2,0,NA,0,1,0
2024-01-12,480,26,12,18,4,NA,0,10,11,39,26,21,15,NA,1,23,29,24,13,18,6,NA,0,10,13,2,2,4,0,NA,0,5,0,25,30,21,17,NA,0,37,18,0,0,0,1,NA,0,0,0,2,0,0,0,NA,0,0,1,0,0,1,0,NA,0,1,0,0,0,0,0,NA,0,0,0,0,1,1,1,NA,0,1,0,1,3,1,0,NA,0,1,1,1,3,1,0,NA,0,1,1
2024-02-12,476,28,11,15,4,NA,0,10,12,39,27,23,15,NA,1,21,27,23,13,19,6,NA,0,9,13,3,2,3,0,NA,0,5,0,26,30,20,16,NA,0,37,18,0,0,0,0,NA,0,0,0,0,0,1,0,NA,0,2,2,0,1,0,0,NA,0,0,0,0,0,1,0,NA,0,0,0,0,0,1,1,NA,0,0,0,1,1,1,0,NA,0,0,1,1,1,1,0,NA,0,0,1
2024-03-12,479,30,11,15,4,NA,0,11,13,39,27,23,15,NA,1,21,27,26,13,18,6,NA,0,10,11,3,2,3,0,NA,0,5,0,25,30,19,16,NA,0,38,17,0,0,0,0,NA,0,0,0,0,0,0,0,NA,0,0,0,1,0,1,0,NA,0,0,2,1,0,0,0,NA,0,0,0,1,0,0,0,NA,0,0,1,4,0,0,0,NA,0,1,1,3,0,0,0,NA,0,1,1
2024-04-12,482,30,11,16,4,NA,0,11,13,39,27,24,15,NA,1,21,27,27,13,17,6,NA,0,10,11,3,2,3,0,NA,0,5,0,24,30,19,17,NA,0,38,18,0,0,0,0,NA,0,0,0,1,0,0,0,NA,0,0,0,0,0,0,0,NA,0,0,0,0,0,0,0,NA,0,0,0,1,0,0,0,NA,0,0,0,1,1,1,0,NA,0,0,0,1,1,1,0,NA,0,0,0
2024-05-12,474,25,10,16,3,NA,0,12,13,40,26,24,16,NA,1,21,27,25,11,20,6,NA,0,9,10,3,3,3,0,NA,0,5,0,24,28,20,18,NA,0,37,18,1,1,2,0,NA,0,0,0,3,1,0,0,NA,0,0,0,1,0,0,0,NA,0,2,1,0,0,0,0,NA,0,0,0,0,2,0,0,NA,0,1,0,0,0,4,0,NA,0,1,0,0,0,2,0,NA,0,1,0
2024-06-12,471,25,11,17,3,NA,0,11,14,41,25,22,15,NA,1,21,27,24,11,21,4,NA,0,9,11,3,3,3,0,NA,0,5,0,23,26,20,19,NA,0,38,18,0,0,0,0,NA,0,1,0,0,1,2,1,NA,0,0,0,1,1,0,2,NA,0,0,0,0,0,0,0,NA,0,0,0,0,2,0,0,NA,0,0,0,2,2,2,0,NA,0,0,2,2,2,2,0,NA,0,0,2
2024-07-12,465,23,11,16,3,NA,0,11,16,42,24,22,15,NA,1,21,25,24,10,21,2,NA,0,9,11,3,3,3,0,NA,0,5,0,21,27,21,18,NA,0,39,18,1,0,1,0,NA,0,1,0,0,1,0,0,NA,0,0,2,0,1,0,1,NA,0,0,0,0,0,0,0,NA,0,0,0,2,0,0,1,NA,0,0,0,1,0,0,0,NA,0,2,1,1,0,0,0,NA,0,2,1
2024-08-12,462,21,10,16,3,NA,0,12,16,42,24,23,15,NA,1,21,23,24,9,23,2,NA,0,9,11,3,3,3,0,NA,0,5,0,23,27,20,17,NA,0,38,18,2,1,0,0,NA,0,0,0,1,0,0,0,NA,0,0,2,0,0,1,0,NA,0,0,0,0,0,0,0,NA,0,0,0,1,0,0,0,NA,0,1,0,1,0,3,0,NA,0,1,0,1,0,3,0,NA,0,1,0
2024-09-12,460,20,12,14,4,NA,0,12,15,41,24,23,15,NA,1,21,23,24,9,23,5,NA,0,9,9,3,3,3,0,NA,0,5,0,22,27,20,17,NA,0,37,19,1,0,1,0,NA,0,0,1,1,0,1,0,NA,0,0,0,0,0,0,0,NA,0,0,2,0,0,0,0,NA,0,0,0,0,1,0,0,NA,0,1,0,0,2,0,2,NA,0,0,0,0,2,0,2,NA,0,0,0
2024-10-12,463,20,12,13,4,NA,0,13,15,41,25,23,15,NA,1,21,24,24,9,21,5,NA,0,11,9,3,3,3,0,NA,0,5,0,22,27,20,17,NA,0,38,19,0,0,1,0,NA,0,0,0,0,0,0,0,NA,0,0,0,1,0,0,0,NA,0,0,0,0,0,0,0,NA,0,0,0,1,0,0,0,NA,0,0,0,1,1,0,0,NA,0,2,1,1,1,0,0,NA,0,2,1
2024-11-12,461,20,11,13,4,NA,0,14,16,40,25,23,15,NA,1,21,23,25,9,21,4,NA,0,12,8,3,3,3,0,NA,0,5,0,24,27,19,18,NA,0,37,17,0,1,1,0,NA,0,0,0,1,0,0,0,NA,0,0,1,0,0,2,0,NA,0,0,0,0,0,0,0,NA,0,0,0,0,0,1,0,NA,0,2,1,1,0,2,0,NA,0,2,2,1,0,1,0,NA,0,2,2
2024-12-12,462,20,11,15,4,NA,0,12,16,41,25,22,14,NA,1,20,23,25,11,23,4,NA,0,11,8,3,3,3,0,NA,0,5,0,24,28,19,19,NA,0,36,16,0,0,0,0,NA,0,2,0,0,0,1,1,NA,0,1,0,1,0,1,0,NA,0,0,0,0,0,0,0,NA,0,0,0,1,0,0,0,NA,0,1,1,2,1,5,0,NA,0,1,0,2,1,5,0,NA,0,1,0
2025-01-12,468,19,10,18,4,NA,0,11,17,42,25,22,14,NA,1,21,24,25,10,23,4,NA,0,11,7,4,3,2,0,NA,0,5,0,25,28,20,19,NA,0,37,17,0,0,0,0,NA,0,0,0,0,1,0,0,NA,0,0,0,0,0,0,0,NA,0,0,0,0,0,0,0,NA,0,0,0,0,0,0,0,NA,0,0,0,1,0,2,0,NA,0,0,2,1,0,2,0,NA,0,0,2
2025-02-12,472,20,10,17,3,NA,0,11,16,40,25,21,15,NA,1,23,24,28,12,22,5,NA,0,11,8,4,3,2,0,NA,0,5,0,27,28,19,18,NA,0,37,17,1,0,1,1,NA,0,0,1,2,0,1,0,NA,0,0,0,0,0,0,0,NA,0,0,0,0,0,0,0,NA,0,0,0,0,0,1,1,NA,0,0,0,4,2,0,1,NA,0,2,1,3,2,0,1,NA,0,2,1
2025-03-12,477,19,10,17,3,NA,0,14,16,40,24,21,15,NA,1,23,25,26,13,23,5,NA,0,11,9,4,3,2,0,NA,0,5,0,27,28,19,18,NA,0,38,18,0,0,0,0,NA,0,0,0,1,1,0,0,NA,0,0,0,0,0,0,0,NA,0,0,0,0,0,0,0,NA,0,0,0,0,0,0,0,NA,0,1,0,0,1,1,0,NA,0,2,3,0,1,1,0,NA,0,2,2
2025-04-12,477,20,10,17,3,NA,0,14,16,41,25,22,15,NA,1,24,25,23,13,22,4,NA,0,12,8,3,3,2,0,NA,0,5,0,27,29,19,18,NA,0,38,18,2,1,0,0,NA,0,0,0,0,0,0,0,NA,0,0,0,3,0,0,1,NA,0,0,1,1,0,0,0,NA,0,0,0,1,0,0,0,NA,0,1,0,2,2,2,0,NA,0,1,0,2,2,2,0,NA,0,1,0
2025-05-12,479,21,10,17,3,NA,0,16,17,40,25,23,15,NA,1,23,25,23,13,23,4,NA,0,12,7,2,3,2,0,NA,0,5,0,27,28,19,18,NA,0,39,18,1,0,0,0,NA,0,0,1,1,0,0,0,NA,0,1,0,1,0,1,0,NA,0,0,1,0,0,0,0,NA,0,0,0,0,1,0,0,NA,0,0,0,3,0,2,0,NA,0,1,1,3,0,1,0,NA,0,1,1
2025-06-12,475,18,10,16,3,NA,0,16,17,40,25,23,15,NA,1,22,24,21,14,22,4,NA,0,13,7,2,3,2,0,NA,0,5,0,27,30,20,18,NA,0,39,18,1,0,2,0,NA,0,0,0,2,0,0,0,NA,0,1,1,0,0,2,0,NA,0,1,0,0,0,0,0,NA,0,0,0,0,0,0,0,NA,0,0,0,1,1,2,0,NA,0,1,0,1,1,2,0,NA,0,1,0
2025-07-12,477,19,11,17,3,NA,0,15,17,40,25,22,15,NA,1,20,24,21,15,23,4,NA,0,13,8,3,3,2,0,NA,0,5,0,27,29,20,18,NA,0,39,18,1,0,0,0,NA,0,1,1,0,0,1,0,NA,0,2,0,0,0,0,0,NA,0,0,0,0,0,0,0,NA,0,0,0,0,1,0,0,NA,0,0,0,2,1,1,0,NA,0,0,1,2,1,1,0,NA,0,0,1
2025-08-12,478,17,11,16,3,NA,0,13,16,40,25,23,15,NA,1,22,25,18,14,24,5,NA,0,11,9,4,3,2,0,NA,0,5,0,27,30,20,19,NA,1,40,19,1,0,0,0,NA,0,1,0,1,1,0,0,NA,0,0,0,1,0,0,0,NA,0,0,0,0,0,0,0,NA,0,0,0,0,0,0,0,NA,0,1,0,1,2,1,1,NA,0,1,1,1,2,1,1,NA,0,1,1
2025-09-12,475,18,9,16,3,NA,0,14,14,39,27,23,15,NA,1,22,27,19,14,23,4,NA,0,11,9,4,3,2,0,NA,0,5,0,27,30,19,19,NA,1,38,19,0,0,0,0,NA,0,0,0,2,0,0,0,NA,0,0,0,0,0,2,1,NA,0,1,0,0,0,0,0,NA,0,0,0,0,0,1,0,NA,0,2,0,2,0,1,0,NA,0,2,0,2,0,1,0,NA,0,2,0
2025-10-12,479,20,10,16,3,NA,0,16,14,39,27,25,15,NA,1,22,27,19,15,23,4,NA,0,11,8,4,3,2,0,NA,0,5,0,26,30,18,19,NA,1,38,18,0,0,0,0,NA,0,0,0,0,0,0,0,NA,0,0,0,1,0,0,0,NA,0,0,1,0,0,0,0,NA,0,0,0,1,1,1,0,NA,0,0,1,3,1,1,0,NA,0,1,1,3,1,1,0,NA,0,1,1
2025-11-12,483,21,9,17,2,NA,0,16,14,40,28,26,16,NA,1,22,28,18,16,21,4,NA,0,11,8,5,3,2,0,NA,0,5,0,27,29,18,20,NA,1,37,18,0,0,0,0,NA,0,0,0,0,0,0,0,NA,0,0,0,0,0,1,0,NA,0,0,0,0,0,0,0,NA,0,0,0,0,1,0,0,NA,0,1,0,2,1,2,0,NA,0,0,1,1,1,2,0,NA,0,0,1
2025-12-12,487,22,9,16,2,NA,0,16,14,40,25,27,16,NA,1,22,28,17,19,22,5,NA,0,12,8,5,3,2,0,NA,0,5,0,28,28,19,20,NA,1,37,18,0,0,0,0,NA,0,0,0,1,3,0,0,NA,0,0,0,0,0,1,0,NA,0,0,0,0,0,0,0,NA,0,0,0,0,1,0,0,NA,0,0,0,2,3,2,1,NA,0,1,0,2,3,2,1,NA,0,1,0
2026-01-12,483,22,8,18,2,NA,0,16,14,40,25,26,16,NA,1,21,28,17,16,22,7,NA,0,14,7,5,3,2,0,NA,0,5,1,27,26,17,20,NA,1,38,18,0,0,0,1,NA,0,1,0,0,1,1,0,NA,0,1,0,1,1,0,0,NA,0,0,0,0,0,0,0,NA,0,0,0,1,2,2,0,NA,0,0,1,1,0,2,2,NA,0,2,0,1,0,1,2,NA,0,2,0
2026-02-12,476,21,9,19,2,NA,0,16,14,40,23,25,16,NA,1,20,28,15,16,22,8,NA,0,14,7,5,3,2,0,NA,0,5,1,28,26,15,20,NA,1,37,17,1,0,0,0,NA,0,0,0,0,2,1,0,NA,0,1,1,2,1,0,0,NA,0,0,0,0,0,0,0,NA,0,0,0,0,0,2,0,NA,0,1,2,0,3,1,1,NA,0,0,1,0,3,1,1,NA,0,0,1
2026-03-12,479,20,9,17,2,NA,0,18,13,41,23,24,16,NA,1,21,28,15,16,22,8,NA,0,13,8,7,3,2,0,NA,0,5,1,29,26,16,20,NA,1,37,17,0,0,3,0,NA,0,0,0,1,0,1,0,NA,0,0,1,0,0,0,0,NA,0,0,0,0,0,0,0,NA,0,0,0,0,0,0,0,NA,0,0,0,2,0,1,0,NA,0,2,1,2,0,1,0,NA,0,1,1
2026-04-12,482,20,9,19,2,NA,0,19,13,41,22,24,16,NA,1,21,27,14,17,24,8,NA,0,14,8,7,3,2,0,NA,0,5,1,29,25,17,20,NA,1,36,17,0,0,0,0,NA,0,1,0,0,1,1,0,NA,0,0,1,0,0,0,0,NA,0,0,0,0,0,0,0,NA,0,0,0,0,0,1,0,NA,0,2,0,0,1,4,0,NA,0,2,0,0,1,4,0,NA,0,2,0
2026-05-12,478,19,9,18,2,NA,0,18,13,39,22,24,16,NA,1,22,27,14,17,21,8,NA,0,13,9,7,3,2,0,NA,0,6,1,29,25,17,20,NA,1,37,18,1,0,1,0,NA,0,0,0,2,0,0,0,NA,0,0,0,1,0,0,0,NA,0,0,1,0,0,0,0,NA,0,0,0,0,1,0,0,NA,0,0,0,1,0,0,0,NA,0,0,1,1,0,0,0,NA,0,0,1
2026-06-12,481,18,9,18,2,NA,0,20,12,40,22,24,16,NA,1,22,28,14,15,24,8,NA,0,13,9,7,3,2,0,NA,0,6,0,30,25,18,19,NA,1,36,19,0,0,0,0,NA,0,0,0,0,0,1,0,NA,0,0,0,0,1,1,0,NA,0,0,1,0,0,0,0,NA,0,0,0,0,0,0,1,NA,0,1,0,0,0,4,0,NA,0,1,1,0,0,4,0,NA,0,1,1
2026-07-12,487,17,9,19,3,NA,0,20,10,40,22,24,15,NA,1,22,30,16,15,25,9,NA,2,12,10,6,3,2,0,NA,0,6,0,29,25,18,19,NA,1,37,20,1,1,0,0,NA,0,0,0,0,0,0,1,NA,0,1,0,0,0,0,0,NA,0,1,0,1,0,0,0,NA,0,0,0,0,0,0,0,NA,0,0,0,2,1,2,1,NA,1,2,1,2,1,1,1,NA,1,2,1
2026-08-12,482,16,9,19,3,NA,0,20,10,39,22,23,15,NA,1,20,30,17,14,23,9,NA,2,12,10,6,3,2,0,NA,0,6,0,30,25,18,19,NA,1,38,20,1,0,0,0,NA,0,0,0,1,0,1,0,NA,0,2,0,1,1,0,0,NA,0,0,0,0,0,0,0,NA,0,0,0,0,0,0,0,NA,0,0,0,2,0,0,0,NA,0,0,0,2,0,0,0,NA,0,0,0
2026-09-12,482,20,7,20,2,NA,0,18,13,38,23,23,15,NA,1,20,29,19,13,22,6,NA,2,11,12,6,3,2,0,NA,0,6,0,31,23,18,19,NA,1,38,21,0,0,0,0,NA,0,2,0,1,1,0,1,NA,0,0,1,0,0,1,0,NA,0,1,0,0,0,0,0,NA,0,0,0,2,2,0,0,NA,0,0,0,4,0,1,0,NA,0,0,3,3,0,1,0,NA,0,0,3
2026-10-12,481,23,6,19,2,NA,0,17,12,38,24,23,15,NA,1,20,30,18,14,23,6,NA,2,9,12,6,3,2,0,NA,0,6,0,30,23,18,19,NA,1,37,22,0,0,2,0,NA,0,1,0,0,0,0,0,NA,0,0,0,2,0,0,0,NA,0,1,0,0,0,0,0,NA,0,0,0,1,0,0,0,NA,0,1,0,3,1,2,0,NA,0,0,0,3,1,2,0,NA,0,0,0
2026-11-12,484,23,10,18,2,NA,0,15,11,37,24,23,15,NA,1,21,31,20,14,22,6,NA,2,8,11,5,3,2,0,NA,0,7,0,32,23,17,19,NA,1,37,24,0,0,1,0,NA,0,1,0,1,0,0,0,NA,0,0,0,1,0,0,0,NA,0,0,0,0,0,0,0,NA,0,0,0,0,0,1,0,NA,0,0,0,3,3,0,0,NA,0,0,0,3,3,0,0,NA,0,0,0
2026-12-12,488,22,11,19,3,NA,0,14,13,37,24,23,15,NA,1,21,31,20,12,22,7,NA,2,7,10,5,4,2,0,NA,0,7,0,34,23,18,19,NA,1,37,24,0,0,0,0,NA,0,1,0,1,0,0,0,NA,0,0,0,0,0,0,0,NA,0,1,1,0,0,0,0,NA,0,0,0,0,0,0,0,NA,0,0,0,0,1,2,1,NA,0,1,1,0,1,2,1,NA,0,1,1
2027-01-12,482,23,10,20,3,NA,0,13,10,36,23,24,15,NA,1,20,33,20,12,21,7,NA,2,6,10,5,4,2,0,NA,0,7,0,32,23,19,19,NA,1,37,24,0,1,0,0,NA,0,1,1,1,1,1,0,NA,0,1,0,0,0,0,0,NA,0,1,0,0,0,1,0,NA,0,0,0,2,0,0,0,NA,0,0,0,2,0,2,0,NA,0,0,0,2,0,2,0,NA,0,0,0
2027-02-12,481,20,10,21,4,NA,0,13,10,38,23,24,15,NA,1,21,32,18,12,21,7,NA,2,7,9,5,4,2,0,NA,0,7,0,31,24,18,20,NA,1,38,23,1,0,0,0,NA,0,1,0,0,0,0,0,NA,0,0,1,1,0,0,1,NA,0,0,0,0,0,0,0,NA,0,0,0,1,0,1,0,NA,0,0,1,0,1,1,1,NA,0,2,0,0,1,1,1,NA,0,2,0
2027-03-12,496,21,13,19,5,NA,0,14,11,38,23,23,15,NA,1,23,33,21,13,20,10,NA,2,9,9,5,4,2,0,NA,0,7,0,31,24,18,20,NA,1,38,23,0,0,2,0,NA,0,1,0,0,0,1,0,NA,0,0,0,1,0,0,0,NA,0,0,1,0,0,0,0,NA,0,0,0,0,0,0,0,NA,0,1,0,4,3,0,2,NA,0,3,2,2,3,0,1,NA,0,3,2
2027-04-12,501,19,13,18,5,NA,0,17,11,40,23,24,15,NA,1,24,32,23,13,19,10,NA,2,10,9,5,4,2,0,NA,0,7,0,31,24,19,20,NA,1,38,22,0,0,0,0,NA,0,0,0,1,0,0,0,NA,0,0,1,0,0,1,0,NA,0,1,0,0,0,1,0,NA,0,0,0,0,0,0,0,NA,0,1,1,2,0,2,0,NA,0,4,0,2,0,2,0,NA,0,3,0
2027-05-12,503,19,12,16,5,NA,0,18,10,40,23,25,15,NA,1,24,34,24,13,18,12,NA,2,11,10,5,4,2,0,NA,0,7,0,31,24,19,20,NA,1,36,22,0,2,1,0,NA,0,0,0,1,0,0,0,NA,0,0,0,0,0,1,0,NA,0,0,0,0,0,0,0,NA,0,0,0,0,0,0,0,NA,0,2,0,1,1,0,1,NA,0,1,2,1,1,0,1,NA,0,1,1
2027-06-12,504,20,13,16,5,NA,0,18,10,40,23,25,15,NA,1,22,34,23,13,19,12,NA,2,11,9,6,4,3,0,NA,0,7,0,30,24,20,20,NA,1,36,22,0,0,0,0,NA,0,0,0,0,0,1,0,NA,0,2,0,0,0,0,0,NA,0,0,1,0,0,0,0,NA,0,0,0,1,0,0,0,NA,0,1,0,1,2,2,0,NA,0,1,0,1,2,2,0,NA,0,1,0
2027-07-12,508,20,12,17,5,NA,0,20,9,41,24,24,14,NA,1,22,34,23,13,21,12,NA,2,12,8,6,4,4,0,NA,0,7,0,30,25,20,20,NA,1,35,22,0,0,0,0,NA,0,0,0,0,0,2,1,NA,0,0,1,0,0,0,0,NA,0,0,0,0,0,0,0,NA,0,0,0,0,0,0,0,NA,0,1,0,1,0,3,0,NA,0,2,0,1,0,3,0,NA,0,2,0
2027-08-12,507,19,12,17,5,NA,0,20,9,41,24,23,13,NA,1,22,34,25,15,21,11,NA,2,11,7,6,4,4,0,NA,0,7,0,30,26,20,21,NA,1,35,21,1,0,0,0,NA,0,0,0,0,0,1,1,NA,0,0,0,0,0,0,0,NA,0,1,0,0,0,0,0,NA,0,0,0,0,0,0,0,NA,0,1,1,2,2,0,0,NA,0,0,0,2,2,0,0,NA,0,0,0
2027-09-12,507,18,13,16,7,NA,0,19,9,43,23,23,13,NA,1,21,33,24,15,21,13,NA,2,11,8,6,4,4,0,NA,0,7,0,30,26,20,21,NA,1,35,20,0,0,1,0,NA,0,0,0,0,1,0,0,NA,0,2,1,1,0,0,0,NA,0,0,0,0,0,0,0,NA,0,0,0,0,0,1,0,NA,0,0,1,1,1,0,3,NA,0,0,1,1,1,0,2,NA,0,0,1
2027-10-12,504,17,12,17,7,NA,0,20,10,43,23,23,13,NA,1,21,33,23,14,23,12,NA,2,10,9,6,4,4,0,NA,0,7,0,28,26,22,20,NA,1,34,19,0,0,0,0,NA,0,1,0,1,1,1,0,NA,0,0,0,1,0,0,1,NA,0,2,0,0,0,0,0,NA,0,0,0,2,0,0,1,NA,0,1,1,0,0,3,0,NA,0,2,3,0,0,3,0,NA,0,2,2
2027-11-12,500,16,13,17,7,NA,0,19,9,45,23,24,13,NA,0,21,32,23,11,25,12,NA,2,9,9,5,4,4,0,NA,0,7,0,28,26,23,18,NA,1,34,20,0,1,0,0,NA,0,1,0,0,0,0,0,NA,1,0,2,4,3,0,0,NA,0,1,0,0,0,0,0,NA,0,0,0,0,0,0,2,NA,0,0,0,3,3,3,0,NA,0,0,0,3,3,3,0,NA,0,0,0
2027-12-12,495,16,15,17,7,NA,0,19,9,44,23,24,13,NA,0,21,32,23,8,22,10,NA,2,10,9,5,4,4,0,NA,0,7,0,29,27,23,17,NA,1,34,20,0,0,0,0,NA,0,1,0,2,0,0,0,NA,0,0,0,1,1,1,1,NA,0,0,0,0,0,1,0,NA,0,0,0,0,1,1,1,NA,0,1,0,2,2,1,0,NA,0,2,0,2,2,1,0,NA,0,2,0
2028-01-12,492,20,14,14,6,NA,0,18,11,44,23,24,14,NA,0,20,31,24,8,22,8,NA,2,9,10,5,4,4,0,NA,0,7,0,29,27,22,17,NA,1,34,20,0,1,3,0,NA,0,1,0,0,0,0,0,NA,0,1,1,0,0,0,1,NA,0,1,1,0,0,0,0,NA,0,0,0,0,0,1,0,NA,0,1,0,3,0,0,0,NA,0,0,3,2,0,0,0,NA,0,0,3
2028-02-12,486,21,13,13,8,NA,0,18,10,43,24,25,14,NA,0,20,30,23,8,20,7,NA,2,9,9,5,5,4,0,NA,0,7,0,29,26,23,16,NA,1,34,19,0,0,0,0,NA,0,0,1,1,0,0,0,NA,0,0,1,1,0,2,0,NA,0,0,1,0,0,0,0,NA,0,0,0,0,1,0,1,NA,0,0,1,1,1,0,2,NA,0,0,0,1,1,0,2,NA,0,0,0
2028-03-12,497,23,14,13,8,NA,0,17,11,43,24,24,14,NA,0,22,30,24,8,25,7,NA,2,9,10,5,5,4,0,NA,0,7,0,28,26,26,14,NA,1,34,19,0,0,0,0,NA,0,0,1,1,0,1,0,NA,0,0,0,1,0,0,0,NA,0,0,0,0,0,0,0,NA,0,0,0,1,0,0,2,NA,0,0,0,5,1,4,0,NA,0,1,2,2,1,4,0,NA,0,1,2
2028-04-12,493,23,13,12,8,NA,0,14,11,43,24,25,14,NA,0,23,29,25,6,23,7,NA,2,11,11,5,5,5,0,NA,0,7,0,28,24,27,13,NA,1,33,21,1,1,1,0,NA,0,2,0,0,0,0,0,NA,0,1,1,0,1,1,0,NA,0,0,0,0,0,0,0,NA,0,0,0,0,1,0,1,NA,0,1,0,1,0,2,0,NA,0,2,1,1,0,2,0,NA,0,2,1
2028-05-12,493,24,13,13,8,NA,0,14,11,43,24,25,14,NA,0,23,28,25,6,23,7,NA,2,12,10,5,5,5,0,NA,0,7,0,27,24,27,13,NA,1,33,21,0,0,0,0,NA,0,0,0,0,0,0,0,NA,0,0,1,0,0,0,0,NA,0,0,1,0,0,0,0,NA,0,0,0,1,0,0,0,NA,0,0,0,1,0,1,0,NA,0,1,0,1,0,1,0,NA,0,1,0
2028-06-12,492,25,14,15,8,NA,0,16,11,41,23,24,14,NA,0,22,28,25,8,17,7,NA,2,12,10,4,5,6,0,NA,0,7,0,28,24,27,13,NA,1,33,22,0,0,0,0,NA,0,0,0,2,1,1,0,NA,0,1,0,0,0,1,0,NA,0,0,1,1,0,0,0,NA,0,0,0,0,1,0,0,NA,0,1,0,1,2,2,0,NA,0,1,1,1,2,1,0,NA,0,1,1
2028-07-12,489,24,15,14,7,NA,0,15,11,41,24,25,15,NA,0,22,28,24,9,17,7,NA,0,11,9,4,4,6,0,NA,0,6,0,28,25,27,13,NA,1,34,23,1,0,0,0,NA,0,0,0,0,0,0,0,NA,0,1,0,0,0,0,0,NA,0,1,0,0,0,0,0,NA,0,1,0,1,0,2,0,NA,0,0,0,0,2,1,0,NA,0,0,0,0,2,1,0,NA,0,0,0
2028-08-12,490,26,15,13,7,NA,0,17,10,41,23,25,15,NA,0,22,28,25,8,17,8,NA,0,11,9,4,4,6,0,NA,0,6,0,28,25,26,13,NA,1,34,23,0,0,1,0,NA,0,1,1,0,1,0,0,NA,0,0,0,2,1,0,0,NA,0,0,0,0,0,0,0,NA,0,0,0,0,0,1,0,NA,0,0,0,4,0,0,1,NA,0,3,0,4,0,0,1,NA,0,3,0
2028-09-12,483,21,15,12,7,NA,0,17,9,45,23,25,15,NA,0,21,30,23,8,18,8,NA,0,10,5,5,4,6,0,NA,0,6,0,28,25,27,13,NA,1,34,22,2,1,0,0,NA,0,0,0,0,0,1,0,NA,0,1,0,1,1,0,0,NA,0,1,3,0,0,0,0,NA,0,0,0,0,0,0,0,NA,0,0,1,1,2,1,0,NA,0,0,1,1,2,1,0,NA,0,0,1
2028-10-12,479,20,14,13,8,NA,0,16,9,46,22,24,15,NA,0,20,29,21,9,18,9,NA,0,11,7,5,4,5,0,NA,0,6,0,28,24,26,13,NA,2,33,22,0,1,0,0,NA,0,1,1,0,1,1,0,NA,0,1,1,2,0,0,0,NA,0,1,0,0,0,0,0,NA,0,0,0,1,1,1,1,NA,0,1,0,1,1,2,1,NA,0,1,2,1,1,2,1,NA,0,1,1
2028-11-12,486,21,14,15,8,NA,0,16,10,46,22,23,15,NA,0,20,29,19,10,19,9,NA,0,11,7,6,4,5,0,NA,0,6,0,28,24,28,14,NA,2,33,22,0,0,0,0,NA,0,0,0,0,1,1,0,NA,0,0,0,0,0,1,0,NA,0,0,0,0,0,0,0,NA,0,0,0,0,0,0,0,NA,0,0,0,2,1,3,0,NA,0,0,1,1,1,3,0,NA,0,0,1
2028-12-12,484,22,12,15,7,NA,0,16,9,46,22,23,16,NA,0,20,29,20,10,18,7,NA,0,12,9,6,4,5,0,NA,0,5,0,28,24,28,14,NA,2,34,21,0,1,0,1,NA,0,0,0,0,1,1,0,NA,0,0,1,1,0,1,2,NA,0,0,0,0,0,0,0,NA,0,1,0,0,0,0,0,NA,0,0,1,3,0,1,1,NA,0,1,1,3,0,1,1,NA,0,1,1
2029-01-12,480,20,13,14,7,NA,0,16,9,47,21,23,16,NA,0,19,29,21,11,17,7,NA,0,12,10,6,4,4,0,NA,0,5,0,27,23,28,14,NA,2,34,21,1,0,0,0,NA,0,0,0,0,1,1,0,NA,0,1,0,1,0,1,0,NA,0,0,0,0,0,0,0,NA,0,0,0,1,1,0,0,NA,0,1,0,1,1,0,0,NA,0,0,1,1,1,0,0,NA,0,0,1
2029-02-12,485,22,13,13,6,NA,0,21,11,47,21,23,17,NA,0,19,28,22,11,16,8,NA,0,13,10,6,4,4,0,NA,0,5,0,27,22,28,14,NA,2,33,19,0,0,0,0,NA,0,0,0,0,0,1,0,NA,0,0,1,0,0,1,0,NA,0,0,0,0,0,0,0,NA,0,0,0,0,1,0,0,NA,0,1,2,2,0,0,1,NA,0,4,1,2,0,0,1,NA,0,4,1
2029-03-12,490,20,11,14,6,NA,0,22,11,48,23,23,17,NA,0,20,29,22,13,18,6,NA,0,11,9,6,3,4,1,NA,0,5,0,28,21,29,14,NA,2,33,21,2,0,0,0,NA,0,0,0,0,0,0,0,NA,0,1,0,1,0,0,0,NA,0,0,1,0,0,0,0,NA,0,0,0,0,1,0,0,NA,0,0,0,1,2,3,0,NA,0,2,1,1,2,2,0,NA,0,2,1
2029-04-12,491,20,11,15,6,NA,0,19,12,48,23,22,16,NA,0,22,28,22,13,18,6,NA,0,11,10,6,3,5,1,NA,0,6,0,26,22,29,14,NA,2,33,22,0,0,1,0,NA,0,1,0,1,0,1,1,NA,0,1,1,0,0,0,0,NA,0,0,0,0,0,0,0,NA,0,0,0,1,0,1,0,NA,0,0,0,2,0,2,0,NA,0,2,1,2,0,1,0,NA,0,2,1
2029-05-12,495,23,10,13,7,NA,0,19,12,47,23,21,16,NA,0,21,28,23,13,19,6,NA,0,11,12,5,3,5,1,NA,0,6,1,27,22,29,14,NA,1,34,23,0,0,2,0,NA,0,0,0,1,1,1,0,NA,0,1,0,0,0,0,0,NA,0,0,0,0,0,0,0,NA,0,0,0,0,0,0,0,NA,0,0,0,2,0,1,1,NA,0,0,3,2,0,1,1,NA,0,0,2
2029-06-12,495,21,10,14,8,NA,0,20,12,48,23,22,16,NA,0,21,27,23,12,19,6,NA,0,10,12,5,3,5,1,NA,0,6,1,29,22,29,14,NA,1,32,23,1,0,0,0,NA,0,0,0,0,0,0,0,NA,0,0,1,1,0,0,1,NA,0,0,0,0,0,0,0,NA,0,0,0,0,0,1,0,NA,0,2,0,1,0,2,1,NA,0,1,0,1,0,2,1,NA,0,1,0
2029-07-12,490,20,9,13,9,NA,0,19,12,48,23,23,16,NA,0,23,26,22,11,18,7,NA,0,11,11,5,3,5,1,NA,0,6,1,29,22,28,15,NA,1,32,21,0,1,0,0,NA,0,0,0,1,0,0,0,NA,0,0,1,1,1,0,0,NA,0,0,1,0,0,0,0,NA,0,0,0,1,0,1,0,NA,0,1,2,0,0,1,1,NA,0,2,0,0,0,1,1,NA,0,2,0
2029-08-12,487,21,8,12,8,NA,0,19,12,48,22,23,16,NA,0,22,26,25,10,18,7,NA,0,10,11,6,3,5,1,NA,0,6,1,28,22,28,15,NA,1,32,21,1,1,1,1,NA,0,1,0,0,1,0,0,NA,0,1,0,0,0,1,0,NA,0,1,1,0,0,0,0,NA,0,0,0,2,0,0,0,NA,0,0,0,5,0,1,0,NA,0,1,1,2,0,1,0,NA,0,1,1
2029-09-12,486,24,7,13,6,NA,0,18,12,46,23,22,18,NA,0,22,26,27,10,18,5,NA,0,11,11,6,3,5,1,NA,0,6,1,28,21,29,14,NA,1,31,21,0,0,0,0,NA,0,1,0,2,0,1,0,NA,0,0,0,0,0,0,1,NA,0,0,1,0,0,0,0,NA,0,0,0,0,1,0,1,NA,0,1,0,4,0,1,0,NA,0,1,1,4,0,1,0,NA,0,1,1
2029-10-12,483,24,7,12,6,NA,0,17,11,45,22,22,18,NA,0,22,27,27,12,17,5,NA,0,10,12,6,3,5,1,NA,0,6,1,28,21,28,13,NA,1,31,23,0,0,0,0,NA,0,0,0,1,1,1,0,NA,0,2,0,0,0,0,0,NA,0,1,0,0,0,0,0,NA,0,0,0,0,0,0,1,NA,0,0,0,0,1,0,0,NA,0,1,1,0,1,0,0,NA,0,1,1
2029-11-12,488,25,8,12,6,NA,0,18,12,46,22,23,18,NA,0,22,27,24,11,17,5,NA,0,12,13,6,3,5,1,NA,0,6,1,28,21,28,14,NA,1,30,23,0,0,0,0,NA,0,0,1,0,0,0,0,NA,0,0,0,2,0,0,0,NA,0,0,0,0,0,1,0,NA,0,0,0,1,0,1,0,NA,0,1,1,2,1,2,0,NA,0,2,2,1,1,2,0,NA,0,2,1
2029-12-12,491,25,6,13,6,NA,0,19,12,47,24,23,18,NA,0,22,27,23,12,18,5,NA,0,13,12,6,3,5,1,NA,0,6,1,28,22,27,14,NA,1,29,23,0,0,0,0,NA,0,0,0,0,0,0,0,NA,0,0,0,0,0,0,0,NA,0,0,1,0,0,0,0,NA,0,0,0,0,0,1,0,NA,0,1,0,1,1,2,0,NA,0,1,0,1,1,2,0,NA,0,1,0
2030-01-12,490,23,6,13,6,NA,0,20,11,48,24,23,18,NA,0,22,29,25,12,18,5,NA,0,12,12,7,3,5,1,NA,0,5,1,28,21,27,14,NA,1,28,22,2,0,0,0,NA,0,0,0,0,0,0,0,NA,0,0,0,0,0,0,0,NA,0,1,0,0,0,0,0,NA,0,1,0,1,1,0,0,NA,0,1,0,3,0,0,0,NA,0,1,1,3,0,0,0,NA,0,1,1
2030-02-12,486,23,6,14,5,NA,0,20,11,45,24,23,18,NA,0,22,28,25,11,20,5,NA,0,12,12,7,3,5,1,NA,0,5,1,29,20,26,14,NA,1,28,22,0,0,0,0,NA,0,0,0,3,0,0,1,NA,0,0,1,2,0,0,0,NA,0,1,0,0,0,0,0,NA,0,0,0,0,1,1,0,NA,0,0,0,1,0,3,0,NA,0,1,0,1,0,2,0,NA,0,1,0
2030-03-12,483,21,5,16,5,NA,0,20,11,46,25,22,17,NA,0,23,29,19,11,15,5,NA,0,13,12,6,3,6,1,NA,0,5,1,29,21,26,16,NA,1,30,23,1,0,1,0,NA,0,0,0,0,0,1,1,NA,0,0,0,4,0,2,0,NA,0,0,0,0,0,0,0,NA,0,0,0,0,0,0,0,NA,0,0,0,0,0,3,0,NA,0,1,2,0,0,3,0,NA,0,1,2
2030-04-12,494,25,9,18,5,NA,0,20,12,45,25,22,17,NA,0,23,28,21,12,14,6,NA,0,14,11,6,3,6,1,NA,0,5,1,30,21,24,16,NA,1,31,22,0,0,0,0,NA,0,0,0,1,0,0,0,NA,0,0,1,0,0,0,0,NA,0,0,1,0,0,0,0,NA,0,0,0,1,0,2,0,NA,0,0,1,4,3,1,1,NA,0,2,1,4,3,1,1,NA,0,2,1
2030-05-12,492,24,9,21,6,NA,0,20,13,45,24,22,15,NA,0,22,27,20,13,14,8,NA,0,12,11,6,3,6,1,NA,0,5,1,30,21,24,16,NA,1,30,22,1,0,0,0,NA,0,0,0,1,1,1,2,NA,0,1,1,1,0,0,0,NA,0,1,0,0,0,0,0,NA,0,0,0,1,0,0,0,NA,0,1,0,1,1,2,2,NA,0,0,1,1,1,2,1,NA,0,0,1
2030-06-12,489,25,10,19,6,NA,0,19,12,45,24,23,15,NA,0,22,27,20,11,14,8,NA,0,12,10,6,3,6,1,NA,0,5,1,30,21,24,16,NA,1,32,21,0,0,1,0,NA,0,0,1,1,0,0,0,NA,0,2,0,1,0,1,0,NA,0,0,0,0,0,0,0,NA,0,0,0,1,0,0,0,NA,0,0,1,2,1,1,0,NA,0,1,0,2,1,1,0,NA,0,1,0
2030-07-12,486,23,8,20,6,NA,0,18,14,43,25,23,15,NA,0,21,27,19,12,16,8,NA,0,12,11,6,3,6,1,NA,0,5,1,29,20,23,17,NA,1,32,21,2,0,0,0,NA,0,1,0,2,1,0,0,NA,0,1,0,1,0,0,0,NA,0,0,0,0,0,0,0,NA,0,0,0,1,1,0,0,NA,0,0,1,0,2,2,0,NA,0,0,2,0,1,2,0,NA,0,0,2
2030-08-12,484,23,10,20,6,NA,0,14,14,44,25,21,15,NA,0,24,27,18,11,16,8,NA,0,12,11,7,3,6,1,NA,0,5,1,29,20,22,17,NA,1,31,22,0,0,0,0,NA,0,1,0,1,0,2,0,NA,0,0,0,0,1,0,0,NA,0,0,0,0,0,0,0,NA,0,0,0,0,0,0,0,NA,0,1,0,2,2,0,0,NA,0,0,0,2,2,0,0,NA,0,0,0
2030-09-12,483,25,9,21,6,NA,0,14,14,43,26,20,15,NA,0,24,28,19,11,15,7,NA,0,12,11,7,3,6,1,NA,0,5,1,29,19,22,17,NA,1,31,21,0,0,0,0,NA,0,0,0,1,0,1,0,NA,0,0,0,0,0,0,1,NA,0,0,0,0,0,0,0,NA,0,0,0,0,1,1,0,NA,0,1,1,2,1,1,0,NA,0,0,1,2,1,1,0,NA,0,0,1
2030-10-12,483,29,10,19,5,NA,0,14,13,42,25,21,15,NA,0,23,27,20,11,14,7,NA,0,11,10,7,3,6,2,NA,0,4,2,31,20,23,17,NA,1,30,21,0,0,1,0,NA,0,0,2,1,1,0,1,NA,0,1,1,0,0,0,0,NA,0,0,0,0,0,0,0,NA,0,1,0,0,0,0,0,NA,0,0,0,4,2,0,1,NA,0,0,1,3,2,0,1,NA,0,0,1
2030-11-12,488,27,9,18,5,NA,0,14,13,43,26,23,15,NA,0,23,27,19,13,13,7,NA,0,15,11,8,2,6,2,NA,0,4,2,32,20,23,16,NA,1,29,22,2,0,0,0,NA,0,0,0,0,0,0,0,NA,0,0,1,0,0,0,0,NA,0,0,0,0,1,0,0,NA,0,0,0,0,0,0,0,NA,0,2,0,2,1,1,0,NA,0,2,2,2,1,1,0,NA,0,1,1
2030-12-12,490,25,10,19,4,NA,0,14,15,42,26,22,16,NA,0,23,26,19,13,16,7,NA,0,17,9,9,2,6,2,NA,0,4,2,32,19,23,16,NA,1,29,22,1,0,0,0,NA,0,0,0,2,0,1,0,NA,0,0,1,2,0,0,0,NA,0,0,1,0,0,0,0,NA,0,0,0,0,2,0,0,NA,0,0,0,3,1,3,0,NA,0,2,2,2,1,3,0,NA,0,2,2
2031-01-12,490,26,10,20,4,NA,0,14,18,39,26,22,16,NA,0,21,26,18,12,14,7,NA,0,19,10,10,2,5,2,NA,0,4,2,30,19,24,16,NA,1,31,22,1,1,1,0,NA,0,0,0,3,0,0,0,NA,0,2,0,0,0,2,0,NA,0,0,0,0,0,0,0,NA,0,0,0,2,0,0,0,NA,0,0,0,2,1,2,0,NA,0,2,2,2,1,2,0,NA,0,2,2
2031-02-12,487,24,10,21,3,NA,0,12,16,39,26,20,15,NA,0,24,28,18,12,16,5,NA,0,19,10,9,2,5,1,NA,0,4,2,31,19,24,17,NA,1,32,22,1,0,0,1,NA,0,0,0,1,0,2,1,NA,0,0,0,0,0,0,1,NA,0,0,0,1,0,0,0,NA,0,0,0,0,0,0,0,NA,0,0,0,0,0,2,0,NA,0,2,0,0,0,2,0,NA,0,2,0
2031-03-12,487,24,11,20,3,NA,0,9,14,38,26,21,15,NA,0,27,29,17,15,14,6,NA,0,18,10,8,3,5,1,NA,0,4,2,31,19,24,17,NA,1,32,23,1,0,0,0,NA,0,0,1,1,0,0,0,NA,0,0,0,0,0,1,0,NA,0,1,0,1,0,0,0,NA,0,0,0,1,0,0,0,NA,0,0,0,1,3,0,1,NA,0,0,0,1,3,0,1,NA,0,0,0
2031-04-12,486,25,12,19,3,NA,NA,9,13,39,25,22,15,NA,NA,27,30,17,16,14,6,NA,NA,17,9,8,3,5,1,NA,NA,4,2,30,19,24,18,NA,NA,31,23,0,0,1,0,NA,NA,0,1,0,1,0,0,NA,NA,0,0,1,0,0,0,NA,NA,1,1,0,0,0,0,NA,NA,0,0,1,0,0,0,NA,NA,1,1,2,1,2,0,NA,NA,0,1,2,1,2,0,NA,NA,0,1
2031-05-12,485,24,14,20,3,NA,NA,11,13,39,23,21,15,NA,NA,27,30,18,16,14,7,NA,NA,18,8,8,3,5,1,NA,NA,4,3,28,18,24,18,NA,NA,31,21,1,0,0,0,NA,NA,0,0,1,2,1,0,NA,NA,0,0,1,0,0,0,NA,NA,0,0,0,0,1,0,NA,NA,0,0,3,1,0,0,NA,NA,0,2,2,1,1,1,NA,NA,2,1,1,1,1,1,NA,NA,2,1
2031-06-12,482,25,14,19,2,NA,NA,8,15,38,23,22,16,NA,NA,27,29,18,15,15,6,NA,NA,18,8,8,3,5,1,NA,NA,4,3,28,18,24,18,NA,NA,31,21,1,0,1,0,NA,NA,2,0,1,0,0,0,NA,NA,1,1,0,1,0,0,NA,NA,0,0,0,0,0,0,NA,NA,0,0,0,1,0,0,NA,NA,0,0,1,0,2,0,NA,NA,0,2,1,0,2,0,NA,NA,0,1
2031-07-12,482,26,15,19,2,NA,NA,7,15,36,23,22,17,NA,NA,28,29,19,15,15,7,NA,NA,16,8,8,3,4,1,NA,NA,4,3,27,17,24,18,NA,NA,31,23,0,0,1,0,NA,NA,0,0,2,0,0,0,NA,NA,0,0,0,1,1,0,NA,NA,1,0,0,0,0,0,NA,NA,0,0,0,2,0,0,NA,NA,0,0,1,2,2,1,NA,NA,0,0,1,2,2,1,NA,NA,0,0
2031-08-12,473,24,13,17,2,NA,NA,8,15,34,23,20,17,NA,NA,28,29,18,15,16,7,NA,NA,15,7,8,3,5,1,NA,NA,4,3,26,17,23,18,NA,NA,34,23,3,2,3,0,NA,NA,0,0,3,0,2,0,NA,NA,1,0,1,0,0,0,NA,NA,2,0,0,0,0,0,NA,NA,0,0,1,0,1,0,NA,NA,0,0,4,0,2,0,NA,NA,3,0,4,0,2,0,NA,NA,3,0
2031-09-12,473,23,13,18,2,NA,NA,9,15,35,23,20,17,NA,NA,28,29,17,16,14,8,NA,NA,14,6,8,3,5,1,NA,NA,5,3,27,17,22,18,NA,NA,34,23,0,0,0,0,NA,NA,0,0,0,0,0,0,NA,NA,0,0,1,0,2,0,NA,NA,0,0,0,0,0,0,NA,NA,0,0,0,0,1,0,NA,NA,0,0,0,1,1,1,NA,NA,1,0,0,1,1,1,NA,NA,1,0
2031-10-12,471,24,13,17,2,NA,NA,9,15,34,23,20,16,NA,NA,27,29,18,13,16,8,NA,NA,14,5,8,3,5,1,NA,NA,5,3,26,17,22,19,NA,NA,36,23,1,0,2,0,NA,NA,0,0,1,0,0,1,NA,NA,1,0,0,1,0,0,NA,NA,0,0,0,0,0,0,NA,NA,0,0,1,0,0,0,NA,NA,0,0,2,0,2,0,NA,NA,0,0,2,0,2,0,NA,NA,0,0
2031-11-12,468,22,14,16,2,NA,NA,10,15,35,24,21,16,NA,NA,25,29,17,14,15,7,NA,NA,14,6,8,3,5,1,NA,NA,5,4,26,16,22,19,NA,NA,34,23,0,0,0,0,NA,NA,0,0,1,0,0,0,NA,NA,2,0,0,0,0,1,NA,NA,0,0,0,0,0,0,NA,NA,0,0,1,2,0,0,NA,NA,2,0,0,3,0,0,NA,NA,1,2,0,3,0,0,NA,NA,1,1
