date,pop_size,A_cubfem,E_cubfem,F_cubfem,L_cubfem,M_cubfem,N_cubfem,S_cubfem,T_cubfem,A_adultfem,E_adultfem,F_adultfem,L_adultfem,M_adultfem,N_adultfem,S_adultfem,T_adultfem,A_cubmale,E_cubmale,F_cubmale,L_cubmale,M_cubmale,N_cubmale,S_cubmale,T_cubmale,A_philomale,E_philomale,F_philomale,L_philomale,M_philomale,N_philomale,S_philomale,T_philomale,A_dispmale,E_dispmale,F_dispmale,L_dispmale,M_dispmale,N_dispmale,S_dispmale,T_dispmale,A_cubfem_dead,E_cubfem_dead,F_cubfem_dead,L_cubfem_dead,M_cubfem_dead,N_cubfem_dead,S_cubfem_dead,T_cubfem_dead,A_adultfem_dead,E_adultfem_dead,F_adultfem_dead,L_adultfem_dead,M_adultfem_dead,N_adultfem_dead,S_adultfem_dead,T_adultfem_dead,A_cubmale_dead,E_cubmale_dead,F_cubmale_dead,L_cubmale_dead,M_cubmale_dead,N_cubmale_dead,S_cubmale_dead,T_cubmale_dead,A_philomale_dead,E_philomale_dead,F_philomale_dead,L_philomale_dead,M_philomale_dead,N_philomale_dead,S_philomale_dead,T_philomale_dead,A_dispmale_dead,E_dispmale_dead,F_dispmale_dead,L_dispmale_dead,M_dispmale_dead,N_dispmale_dead,S_dispmale_dead,T_dispmale_dead,A_mothers,E_mothers,F_mothers,L_mothers,M_mothers,N_mothers,S_mothers,T_mothers,A_fathers,E_fathers,F_fathers,L_fathers,M_fathers,N_fathers,S_fathers,T_fathers
1996-04-12,178,4,4,3,4,8,1,0,2,13,4,5,12,15,6,5,5,11,3,1,5,8,6,0,2,13,2,4,8,14,3,5,2,0,0,0,0,0,0,0,0,0,0,0,0,0,0,0,0,0,0,0,0,0,0,0,0,0,0,0,0,0,0,0,0,0,0,0,0,0,0,0,0,0,0,0,0,0,0,0,0,0,0,0,0,0,0,0,0,0,0,0,0,0,0,0,0
1996-05-12,180,6,4,3,2,7,0,1,2,13,4,5,13,16,7,5,5,9,3,1,5,7,5,1,2,10,2,3,7,7,1,1,2,6,1,1,7,2,3,0,1,0,0,0,0,0,0,0,0,0,0,0,1,0,0,0,0,0,0,0,0,0,0,0,0,0,0,1,0,0,0,0,0,0,0,0,0,0,0,0,0,1,0,0,0,0,0,1,0,1,0,0,0,0,0,1,0
1996-06-12,178,5,4,4,2,8,0,1,2,14,4,5,12,16,7,5,5,8,3,1,5,7,3,1,2,11,2,3,6,7,1,1,2,6,2,1,7,1,3,0,1,0,0,0,0,0,0,0,0,0,0,0,1,0,0,0,0,0,0,0,0,0,1,0,0,0,0,0,0,0,1,0,0,0,0,0,0,1,0,0,0,0,0,1,0,1,0,0,0,0,0,1,0,1,0,0,0
1996-07-12,183,8,4,4,1,8,1,2,2,14,4,5,13,15,7,5,5,9,3,1,5,6,3,2,2,11,2,3,6,7,1,1,2,6,2,1,7,1,3,0,1,0,0,0,0,0,0,0,0,0,0,0,0,1,0,0,0,0,0,0,1,1,0,0,0,0,0,0,0,0,0,0,0,0,0,0,0,0,0,0,0,3,0,0,1,0,1,1,0,3,0,0,1,0,1,1,0
1996-08-12,183,9,4,4,1,8,1,3,3,14,4,5,11,15,7,5,5,7,2,1,4,6,3,3,2,11,2,3,6,7,1,1,2,6,2,1,7,2,3,0,2,0,0,0,0,0,0,0,0,0,0,0,2,0,0,0,0,1,0,0,1,0,0,0,0,0,0,0,0,0,0,0,0,0,0,0,0,0,0,0,0,1,0,0,0,0,0,1,1,1,0,0,0,0,0,1,1
1996-09-12,183,9,4,6,1,8,1,3,3,14,4,5,11,15,7,5,5,7,1,1,4,6,3,3,2,10,2,3,6,7,1,1,2,6,2,1,7,2,3,0,2,0,0,0,0,1,0,0,0,0,0,0,0,0,0,0,0,0,1,0,0,0,0,0,0,1,0,0,0,0,0,0,0,0,0,0,0,0,0,0,0,0,0,1,0,1,0,0,0,0,0,1,0,1,0,0,0
1996-10-12,189,6,4,6,1,9,1,3,4,17,4,5,10,15,7,5,5,7,0,3,4,6,3,3,4,10,2,3,6,7,1,1,2,6,3,1,6,3,3,0,3,0,0,0,0,0,0,0,0,0,0,0,1,0,0,0,0,0,0,0,0,0,0,0,0,0,0,0,0,0,0,0,0,0,0,0,0,0,0,0,0,1,0,1,0,1,0,0,2,1,0,1,0,1,0,0,2
1996-11-12,187,6,4,6,1,9,1,3,4,17,4,5,9,15,7,5,5,7,0,3,3,6,3,3,4,10,2,3,6,7,1,1,2,6,3,1,6,3,3,0,3,0,0,0,0,0,0,0,0,0,0,0,1,0,0,0,0,0,0,0,1,0,0,0,0,0,0,0,0,0,0,0,0,0,0,0,0,0,0,0,0,0,0,0,0,0,0,0,0,0,0,0,0,0,0,0,0
1996-12-12,194,8,4,6,1,10,1,4,4,17,4,5,8,15,7,5,5,8,0,3,3,6,4,4,4,10,2,3,6,7,1,1,2,7,3,1,6,4,2,0,3,0,0,0,0,0,0,0,0,0,0,0,1,0,0,0,0,0,0,0,0,0,0,0,0,0,0,0,0,0,0,0,0,0,0,0,0,0,0,0,0,2,0,0,0,1,1,1,0,2,0,0,0,1,1,1,0
1997-01-12,193,8,4,6,1,10,1,4,3,17,4,5,8,14,7,5,6,8,0,3,2,6,4,4,4,10,2,3,6,6,1,1,2,7,4,0,7,5,2,0,3,0,0,0,0,0,0,0,0,0,0,0,0,1,0,0,0,0,0,0,0,0,0,0,0,0,0,0,0,0,0,0,0,0,0,0,0,0,0,0,0,0,0,0,0,0,0,0,0,0,0,0,0,0,0,0,0
1997-02-12,195,8,4,5,1,10,2,4,3,17,4,6,7,14,6,5,6,8,0,2,2,7,7,5,4,10,1,3,6,6,0,1,2,7,4,0,7,5,2,0,4,0,0,0,0,0,0,0,0,0,0,0,1,0,1,0,0,0,0,0,0,0,0,0,0,0,1,0,0,0,1,0,0,0,0,0,0,0,0,0,0,0,0,0,0,1,2,1,0,0,0,0,0,1,1,1,0
1997-03-12,199,9,3,5,2,9,2,4,3,17,5,6,6,15,6,5,6,9,0,3,1,6,7,5,4,10,1,3,6,8,0,1,2,8,4,0,7,4,2,0,5,0,0,0,0,0,0,0,0,0,0,0,1,0,0,0,0,0,0,0,2,0,0,0,0,0,0,0,0,0,0,0,0,0,0,0,0,0,0,0,0,1,0,1,1,1,0,0,1,1,0,1,1,1,0,0,1
1997-04-12,198,9,3,6,2,9,2,4,3,17,5,6,5,14,6,5,6,9,0,4,1,6,6,5,4,10,1,3,6,8,0,1,2,8,4,0,6,4,3,0,5,0,0,0,0,0,0,0,0,0,0,0,1,1,0,0,0,0,0,0,0,0,0,0,0,0,0,0,0,0,0,0,0,0,0,0,0,1,0,0,0,0,0,1,0,0,0,0,0,0,0,1,0,0,0,0,0
1997-05-12,205,10,4,7,2,8,2,4,2,17,5,6,5,15,6,5,7,9,1,5,1,8,6,5,4,9,1,3,6,8,0,1,2,8,4,0,6,5,3,0,5,1,0,0,0,0,0,0,0,0,0,0,0,0,0,0,0,0,0,0,0,0,0,0,0,0,0,0,0,0,0,0,0,0,0,0,0,0,0,0,0,1,2,1,0,1,0,0,0,1,1,1,0,1,0,0,0
1997-06-12,209,10,4,7,2,8,2,5,3,17,5,6,5,14,6,5,7,9,1,5,1,10,7,5,4,8,1,3,6,8,0,1,2,8,5,0,6,5,3,0,5,0,0,0,0,0,0,0,0,0,0,0,0,1,0,0,0,0,0,0,0,0,0,0,0,0,0,0,0,0,0,0,0,0,0,0,0,0,0,0,0,0,0,0,0,1,1,1,1,0,0,0,0,1,1,1,1
1997-07-12,210,11,4,6,1,8,2,5,3,17,5,6,6,14,6,5,7,11,1,5,1,10,6,5,4,8,1,3,6,8,0,1,2,8,5,0,6,5,3,0,5,0,0,1,0,0,0,0,0,0,1,0,0,0,0,0,0,0,0,0,0,0,1,0,0,0,0,0,0,0,0,0,0,0,0,0,0,0,0,0,0,2,1,0,0,0,0,0,0,2,1,0,0,0,0,0,0
1997-08-12,211,11,4,6,1,8,2,5,4,17,5,6,6,14,6,5,7,11,1,5,2,10,5,5,4,8,1,2,5,8,0,1,2,8,5,0,6,7,3,0,5,0,0,0,0,0,0,0,0,0,0,0,0,0,0,0,0,0,0,0,0,0,0,0,0,0,0,1,0,0,0,0,0,0,0,0,0,0,0,0,0,0,0,0,1,0,0,0,1,0,0,0,1,0,0,0,1
1997-09-12,208,10,4,6,1,7,2,5,4,17,5,6,6,14,6,5,6,11,1,5,2,10,5,5,5,7,1,2,5,7,0,1,2,8,5,0,6,7,3,1,5,1,0,0,0,1,0,0,0,0,0,0,0,0,0,0,1,0,0,0,0,0,0,0,0,0,0,0,0,1,0,0,0,0,0,0,0,0,0,0,0,0,0,0,0,0,0,0,1,0,0,0,0,0,0,0,1
1997-10-12,208,10,4,6,1,6,2,6,5,17,5,6,6,14,6,5,6,10,1,5,2,9,5,6,4,6,1,2,5,8,0,1,2,7,6,0,6,8,3,1,5,0,0,0,0,1,0,0,0,0,0,0,0,0,0,0,0,0,0,0,0,0,0,0,0,1,0,0,0,0,0,0,0,1,0,0,0,0,0,0,0,0,0,0,0,0,0,1,1,0,0,0,0,0,0,1,1
1997-11-12,207,11,3,6,1,4,2,6,5,16,6,6,6,15,6,5,6,10,1,5,2,8,5,6,4,6,1,2,5,7,0,1,2,7,7,0,7,7,4,1,5,0,0,0,0,0,0,0,0,1,0,0,0,1,0,0,0,0,0,0,0,0,0,0,0,1,0,0,0,0,0,0,0,0,0,0,0,0,0,0,0,1,0,0,0,0,0,0,0,1,0,0,0,0,0,0,0
1997-12-12,207,11,3,5,1,2,2,6,5,16,6,6,6,17,6,5,6,10,1,5,2,7,5,6,6,6,1,2,4,7,0,1,2,7,7,0,7,7,5,1,5,0,0,1,0,0,0,0,0,0,0,0,0,0,0,0,0,0,0,0,0,1,0,0,0,0,0,0,1,0,0,0,0,0,0,0,0,0,0,0,0,1,0,0,0,0,0,0,1,1,0,0,0,0,0,0,1
1998-01-12,204,12,3,5,1,2,2,7,5,15,6,6,6,16,6,5,6,9,1,5,2,4,5,6,6,4,1,2,4,8,0,1,2,8,8,0,7,6,5,2,5,0,0,0,0,0,0,0,0,1,0,0,0,1,0,0,0,0,0,0,0,1,0,0,0,2,0,0,0,0,0,0,0,0,0,0,0,0,0,0,0,1,0,0,0,0,0,1,0,1,0,0,0,0,0,1,0
1998-02-12,205,12,2,4,1,1,2,7,5,15,7,7,6,16,6,5,6,8,2,6,2,4,5,6,6,4,1,2,4,8,0,1,2,8,8,0,7,7,5,2,5,0,0,0,0,1,0,0,0,0,0,0,0,0,0,0,0,0,0,0,0,0,0,0,0,0,0,0,0,0,0,0,0,0,0,0,0,0,0,0,0,0,1,1,0,0,0,0,0,0,1,1,0,0,0,0,0
1998-03-12,206,12,2,3,1,1,2,7,5,14,7,8,6,16,6,5,6,10,2,6,2,5,5,6,6,4,1,1,4,8,0,1,2,8,8,0,7,7,5,2,5,0,0,0,0,0,0,0,0,1,0,0,0,0,0,0,0,0,0,0,0,0,0,0,0,0,0,1,0,0,0,0,0,0,0,0,0,0,0,0,0,1,0,0,0,1,0,0,0,1,0,0,0,1,0,0,0
1998-04-12,205,12,2,3,1,1,5,7,5,14,7,8,6,14,6,5,6,10,2,6,1,5,5,6,6,3,1,1,4,7,0,1,2,8,8,1,7,7,5,2,5,0,0,0,0,0,0,0,0,0,0,0,0,2,0,0,0,0,0,0,1,0,1,0,0,0,0,0,0,1,0,0,0,0,0,0,0,0,0,0,0,0,0,0,0,0,2,0,0,0,0,0,0,0,1,0,0
1998-05-12,204,10,2,3,1,2,5,6,4,16,7,8,6,14,6,6,6,10,2,6,1,7,5,5,6,3,1,0,4,7,0,1,2,8,8,1,7,8,4,2,4,0,0,0,0,0,0,0,1,0,0,0,0,0,0,0,0,0,0,0,0,0,0,0,0,0,0,1,0,0,0,0,0,0,0,0,0,0,1,0,1,0,0,0,0,2,0,0,0,0,0,0,0,1,0,0,0
1998-06-12,208,10,2,2,1,5,5,8,4,16,7,8,6,14,6,6,6,10,2,5,1,7,5,6,6,2,1,0,4,7,0,1,2,8,8,2,7,8,4,2,4,0,0,0,0,0,0,0,1,0,0,1,0,0,0,0,0,0,0,1,0,0,0,0,0,0,0,0,0,0,0,0,0,0,0,0,0,0,0,0,0,0,0,0,0,2,0,2,1,0,0,0,0,1,0,1,1
1998-07-12,212,10,2,3,1,6,4,7,3,18,7,8,6,13,7,7,6,10,1,6,1,7,5,6,6,2,0,0,4,7,0,1,2,9,8,2,7,8,5,3,4,0,0,0,0,0,0,0,1,0,0,0,0,1,0,0,0,0,1,0,0,0,0,0,0,0,0,0,0,0,0,0,0,0,0,0,0,0,0,0,0,2,0,2,0,1,0,1,0,2,0,1,0,1,0,1,0
1998-08-12,216,9,2,7,1,6,4,6,2,19,7,8,6,13,7,8,7,10,1,8,1,7,5,5,6,2,0,0,4,7,0,1,2,9,8,2,8,6,5,3,4,0,0,0,0,0,0,0,0,0,0,0,0,0,0,0,0,0,0,0,0,0,0,0,0,0,0,0,0,0,0,0,0,0,0,0,0,2,0,0,0,0,0,3,0,0,0,0,0,0,0,1,0,0,0,0,0
1998-09-12,216,9,2,6,1,6,4,6,2,19,7,9,6,12,7,8,7,13,0,8,1,7,7,5,5,2,0,0,4,6,0,1,2,9,8,2,7,6,5,3,4,0,0,0,0,0,0,0,0,0,0,0,0,1,0,0,0,0,1,0,0,0,0,0,1,0,0,0,0,1,0,0,0,0,0,0,1,0,0,0,0,2,0,0,0,0,1,0,0,2,0,0,0,0,1,0,0
1998-10-12,221,13,2,6,1,6,4,6,1,19,6,9,6,13,7,8,8,14,0,6,1,7,7,5,3,2,0,1,4,6,0,1,2,9,8,3,8,7,5,3,4,0,0,0,0,0,0,0,0,0,1,0,0,0,0,0,0,0,0,1,0,0,0,0,0,0,0,0,0,0,0,0,0,0,0,0,0,0,0,0,0,4,0,0,0,1,0,0,0,2,0,0,0,1,0,0,0
1998-11-12,221,13,4,6,1,6,4,6,1,19,6,9,6,12,7,8,8,14,1,6,1,6,7,5,3,2,0,1,4,6,0,1,2,9,7,3,8,7,5,3,4,0,0,0,0,0,0,0,0,0,0,0,0,1,0,0,0,0,0,0,0,1,0,0,0,0,0,0,0,0,0,0,0,0,1,0,0,0,0,0,0,0,2,0,0,0,0,0,0,0,1,0,0,0,0,0,0
1998-12-12,221,13,4,7,0,5,3,5,1,20,6,9,6,12,6,9,8,13,1,6,1,6,8,4,3,1,0,1,4,6,0,2,2,10,8,3,8,7,5,4,4,0,0,0,1,1,1,0,0,0,0,0,0,0,1,0,0,0,0,0,0,0,0,0,0,0,0,0,0,0,0,0,0,0,0,0,0,0,0,0,0,1,0,1,0,0,1,0,0,1,0,1,0,0,1,0,0
1999-01-12,218,13,4,7,0,5,2,5,1,20,5,9,6,11,6,9,8,14,1,6,1,6,8,4,3,1,0,1,4,6,0,2,2,10,8,3,8,7,5,3,4,0,0,0,0,0,1,0,0,0,1,0,0,1,0,0,0,0,0,0,0,0,0,0,0,0,0,0,0,0,0,0,0,0,0,0,0,0,0,1,0,1,0,0,0,0,0,0,0,1,0,0,0,0,0,0,0
1999-02-12,218,13,4,7,0,5,2,5,1,20,5,9,6,11,6,9,8,13,1,6,2,5,6,3,3,1,0,1,4,6,1,2,2,11,8,4,8,8,5,3,4,0,0,0,0,0,0,0,0,0,0,0,0,0,0,0,0,1,0,0,0,0,0,0,0,0,0,0,0,0,0,0,0,0,0,0,0,0,0,0,0,0,0,0,1,0,0,0,0,0,0,0,1,0,0,0,0
1999-03-12,216,12,4,7,0,4,2,6,1,21,5,9,6,10,6,9,8,12,1,5,1,4,6,3,2,1,0,2,4,5,1,2,2,12,8,4,8,8,5,5,5,0,0,0,0,1,0,0,0,0,0,0,0,1,0,0,0,0,0,0,0,0,0,0,0,0,0,0,0,1,0,0,0,0,0,0,0,0,0,0,0,0,0,0,0,0,0,1,0,0,0,0,0,0,0,1,0
1999-04-12,214,12,4,6,0,3,2,6,1,21,5,10,6,9,6,9,8,12,1,4,1,4,6,3,3,0,0,2,4,5,1,2,2,13,8,4,8,8,5,5,5,0,0,1,0,1,0,0,0,0,0,0,0,1,0,0,0,0,0,0,0,0,0,0,0,1,0,0,0,0,0,0,0,0,0,0,0,0,0,0,0,0,0,1,0,0,0,0,1,0,0,1,0,0,0,0,1
1999-05-12,212,10,2,6,0,3,2,6,1,23,6,10,6,8,6,9,8,13,1,3,1,4,6,3,3,0,0,2,4,5,1,2,2,13,8,4,8,8,4,6,5,0,1,0,0,0,0,0,0,0,0,0,0,1,0,0,0,0,0,0,0,0,0,0,0,0,0,0,0,0,0,0,0,0,0,0,0,0,1,0,0,1,0,0,0,0,0,0,0,1,0,0,0,0,0,0,0
1999-06-12,218,13,3,7,0,3,2,5,1,23,6,10,6,8,6,10,8,14,2,3,1,2,5,3,3,0,0,2,4,5,1,2,2,12,8,4,8,8,5,7,6,0,0,0,0,0,0,0,0,0,0,0,0,0,0,0,0,0,0,1,0,0,0,0,0,0,0,0,0,0,0,0,0,1,0,0,0,0,0,0,0,3,1,1,0,0,0,0,0,1,1,1,0,0,0,0,0
1999-07-12,213,13,2,7,0,3,2,5,1,22,5,10,6,8,5,10,8,14,2,3,1,2,5,3,3,0,0,2,4,4,1,2,2,12,8,4,8,8,4,7,7,0,0,0,0,0,0,0,0,2,2,0,0,0,1,0,0,0,0,0,0,0,0,0,0,0,0,0,0,1,0,0,0,0,0,0,0,0,1,0,0,1,0,0,0,0,0,0,0,1,0,0,0,0,0,0,0
1999-08-12,215,13,2,7,0,4,2,5,1,22,5,10,6,8,5,10,8,14,2,4,1,2,5,3,3,0,0,2,4,4,1,2,2,12,8,4,8,8,4,7,7,0,0,0,0,0,0,0,0,0,0,0,0,0,0,0,0,0,0,0,0,0,0,0,0,0,0,0,0,0,0,0,0,0,0,0,0,0,0,0,0,0,0,1,0,1,0,0,0,0,0,1,0,1,0,0,0
1999-09-12,216,14,3,6,0,4,3,5,1,22,5,10,6,7,5,10,8,15,2,4,1,2,4,3,3,0,0,2,4,4,1,2,2,12,7,4,9,8,4,7,7,0,0,1,0,0,0,0,0,0,0,0,0,1,0,0,0,0,0,0,0,0,2,0,1,0,0,0,0,0,0,0,0,0,0,0,0,0,0,0,0,2,1,0,0,0,1,0,1,2,1,0,0,0,1,0,1
1999-10-12,222,15,3,6,2,4,2,4,1,22,5,10,6,7,5,11,8,17,2,5,1,2,4,2,4,0,0,2,4,4,1,2,2,13,7,4,9,8,4,7,7,0,0,0,0,0,1,0,0,0,0,0,0,0,0,0,0,0,0,0,0,0,0,0,0,0,0,0,0,0,0,0,0,0,0,0,0,0,0,0,0,2,0,1,1,0,0,0,1,1,0,1,1,0,0,0,1
1999-11-12,224,15,3,6,3,4,2,4,1,23,5,10,6,7,4,11,8,17,2,5,1,2,4,2,4,1,0,2,4,4,1,2,2,13,7,4,9,8,4,7,7,0,0,0,0,0,0,0,0,0,0,0,0,0,1,0,0,0,0,0,0,0,0,0,0,0,0,0,0,0,0,0,0,0,0,0,0,0,0,0,0,1,0,0,1,0,0,0,0,1,0,0,1,0,0,0,0
1999-12-12,222,15,2,6,3,4,2,5,1,23,5,10,6,7,4,11,8,15,2,5,1,2,4,3,3,0,0,1,4,3,1,2,2,15,7,5,9,8,4,7,7,0,1,0,0,0,0,0,0,0,0,0,0,0,0,0,0,1,0,0,0,0,0,0,0,1,0,0,0,1,0,0,0,0,0,0,0,0,0,0,0,0,0,0,0,0,0,1,0,0,0,0,0,0,0,1,0
2000-01-12,224,14,2,6,3,4,2,4,1,24,5,10,6,7,4,12,8,15,2,7,1,3,4,3,3,0,0,1,4,3,1,2,2,15,7,5,9,7,4,7,7,0,0,0,0,0,0,0,0,0,0,0,0,0,0,0,0,0,0,0,0,0,0,0,0,0,0,0,0,0,0,0,0,0,0,0,0,1,0,0,0,0,0,1,0,1,0,0,0,0,0,1,0,1,0,0,0
2000-02-12,226,16,2,6,3,5,2,4,1,23,5,10,6,6,4,12,8,16,2,7,1,3,4,3,3,0,0,1,4,3,1,2,2,15,7,5,9,7,4,7,7,0,0,0,0,0,0,0,0,1,0,0,0,1,0,0,0,0,0,0,0,0,0,0,0,0,0,0,0,0,0,0,0,0,0,0,0,0,0,0,0,2,0,0,0,1,0,0,0,1,0,0,0,1,0,0,0
2000-03-12,227,17,2,6,3,5,2,6,1,23,5,10,6,6,4,12,8,14,2,7,1,3,4,3,3,0,0,1,4,2,1,2,2,15,7,5,9,8,4,8,6,0,0,0,0,0,0,0,0,0,0,0,0,0,0,0,0,0,0,0,0,0,0,0,0,0,0,0,0,1,0,0,0,0,0,0,0,0,0,0,1,1,0,0,0,0,0,2,0,1,0,0,0,0,0,2,0
2000-04-12,225,17,1,6,3,5,1,6,1,23,5,10,6,6,5,12,8,14,1,8,1,3,4,3,3,0,0,1,3,2,1,2,2,15,8,5,9,8,3,8,6,0,1,0,0,0,0,0,0,0,0,0,0,0,0,0,0,0,1,0,0,0,0,0,0,0,0,0,0,0,0,0,0,0,0,0,0,0,1,0,0,0,0,1,0,0,0,0,0,0,0,1,0,0,0,0,0
2000-05-12,225,19,1,5,3,5,1,6,2,23,5,10,5,6,5,12,8,14,1,11,1,1,4,3,3,0,0,1,3,1,0,2,2,13,8,6,9,9,3,8,6,0,0,1,0,0,0,0,0,0,0,0,1,0,0,0,0,0,0,0,0,0,0,0,0,0,0,0,0,1,1,0,0,1,1,0,0,0,0,0,0,1,0,2,0,0,0,0,1,1,0,1,0,0,0,0,1
2000-06-12,222,18,1,6,2,2,1,4,1,22,5,10,5,8,5,13,9,15,1,11,1,1,4,2,3,0,0,1,3,1,0,2,2,13,8,6,9,9,4,8,6,1,0,0,1,1,0,0,0,1,0,0,0,0,0,1,0,0,0,0,0,0,0,0,0,0,0,0,0,0,0,0,0,0,0,0,0,0,0,0,0,1,0,1,0,0,0,0,0,1,0,1,0,0,0,0,0
2000-07-12,222,18,1,5,2,2,1,4,1,23,5,11,5,8,5,13,9,14,1,10,1,1,4,1,3,1,0,1,3,1,0,2,1,15,8,6,9,8,4,9,6,0,0,0,0,0,0,0,0,0,0,0,0,0,0,0,0,0,0,0,0,0,0,0,0,0,0,0,0,0,0,0,1,0,0,0,0,0,0,0,0,1,0,0,0,0,0,0,0,1,0,0,0,0,0,0,0
2000-08-12,222,17,1,2,2,2,1,4,2,23,5,14,5,8,5,13,9,14,1,10,1,1,4,1,3,1,0,1,3,1,0,2,1,16,8,6,9,8,4,9,5,1,0,0,0,0,0,0,0,0,0,0,0,0,0,0,0,1,0,0,0,0,0,0,1,0,0,0,0,0,0,0,0,0,0,0,0,0,0,0,1,1,0,1,0,0,0,0,1,1,0,1,0,0,0,0,1
2000-09-12,225,17,1,2,2,2,1,5,2,23,5,14,5,8,5,13,9,12,1,10,1,3,3,2,3,3,0,1,3,1,0,2,1,16,8,6,9,8,4,9,5,0,0,0,0,0,0,0,0,0,0,0,0,0,0,0,0,0,0,0,0,0,0,0,0,0,0,0,0,0,0,0,0,0,0,0,0,0,0,1,0,0,0,0,0,1,0,1,0,0,0,0,0,1,0,1,0
2000-10-12,219,11,1,2,2,2,1,5,2,27,5,14,5,6,5,13,9,10,1,10,1,3,1,2,3,4,0,1,3,1,0,2,1,16,8,6,9,9,4,9,5,2,0,0,0,0,0,0,0,0,0,0,0,2,0,0,0,0,0,1,0,0,2,0,0,0,0,0,0,0,0,0,0,0,0,0,0,0,0,0,0,0,0,1,0,0,0,0,0,0,0,1,0,0,0,0,0
2000-11-12,221,11,1,3,3,2,1,6,2,27,5,14,5,6,5,12,9,10,1,10,1,3,1,2,3,4,0,1,3,1,0,2,1,17,8,5,8,10,4,9,5,0,0,0,0,0,0,0,0,0,0,0,0,0,0,1,0,0,0,0,0,0,0,0,0,0,0,0,0,0,0,0,0,0,0,0,0,0,0,0,0,0,0,1,1,0,0,1,0,0,0,1,1,0,0,1,0
2000-12-12,219,10,1,4,3,2,1,6,2,28,5,14,5,6,5,12,9,9,1,8,1,3,0,2,3,4,0,1,3,1,0,2,1,18,8,5,8,10,4,9,5,0,0,0,0,0,0,0,0,0,0,0,0,0,0,0,0,1,0,2,0,0,0,0,0,0,0,0,0,0,0,0,0,0,0,0,0,0,0,0,0,0,0,1,0,0,0,0,0,0,0,1,0,0,0,0,0
2001-01-12,225,13,1,4,3,2,1,7,2,28,5,14,5,6,5,12,9,9,1,8,1,3,0,3,3,4,0,1,3,1,0,2,1,18,8,5,9,10,4,9,5,0,0,0,0,0,0,0,0,0,0,0,0,0,0,0,0,0,0,0,0,0,0,0,0,0,0,0,0,0,0,0,0,0,0,0,0,0,0,0,0,3,0,0,0,0,0,1,0,2,0,0,0,0,0,1,0
2001-02-12,229,14,1,4,4,2,1,7,2,28,5,14,5,6,5,12,9,10,1,7,2,4,0,3,3,3,0,1,3,1,0,2,0,19,9,5,9,10,4,8,6,0,0,0,0,0,0,0,0,0,0,0,0,0,0,0,0,0,0,1,0,0,0,0,0,0,0,0,0,0,0,0,1,0,0,0,0,0,0,0,0,1,0,0,2,1,0,0,0,1,0,0,1,1,0,0,0
2001-03-12,230,14,1,5,4,3,1,6,2,28,5,14,4,6,5,13,9,10,1,7,2,5,0,3,3,3,0,1,3,1,0,2,0,19,9,5,9,10,4,8,5,0,0,0,0,0,0,0,0,0,0,0,1,0,0,0,0,0,0,0,0,0,0,0,0,0,0,0,0,0,0,0,0,0,0,0,0,0,0,0,1,0,0,1,0,1,0,0,0,0,0,1,0,1,0,0,0
2001-04-12,233,14,1,4,4,2,1,6,3,28,5,15,4,6,5,13,9,11,1,7,2,5,2,3,4,3,0,1,3,1,0,2,0,18,9,5,9,10,4,8,5,0,0,0,0,1,0,0,0,0,0,0,0,0,0,0,0,0,0,0,0,0,0,0,0,0,0,0,0,0,0,0,0,1,0,0,0,0,0,0,0,1,0,0,0,0,1,0,1,1,0,0,0,0,1,0,1
2001-05-12,234,14,1,4,4,2,1,6,3,28,4,15,4,6,5,13,9,12,1,7,2,5,2,3,4,3,0,1,3,1,0,2,0,18,9,5,9,11,4,8,5,0,0,0,0,0,0,0,0,0,1,0,0,0,0,0,0,0,0,0,0,0,0,0,0,0,0,0,0,0,0,0,0,0,0,0,0,0,0,0,0,1,0,0,0,0,0,0,0,1,0,0,0,0,0,0,0
2001-06-12,236,14,0,5,4,2,1,6,3,29,5,15,4,6,5,12,9,11,0,8,2,5,2,3,4,3,0,1,3,1,0,2,0,18,9,5,9,12,4,8,6,0,0,0,0,0,0,0,0,1,0,0,0,0,0,1,0,0,0,0,0,0,0,0,0,0,0,0,0,0,0,0,0,0,0,0,0,0,0,0,0,1,0,1,0,0,0,0,0,1,0,1,0,0,0,0,0
2001-07-12,236,13,0,5,3,2,1,7,4,29,5,15,4,6,5,12,9,10,2,7,4,5,2,3,4,2,0,0,3,1,0,2,0,18,9,5,9,12,4,8,6,0,0,0,1,0,0,0,0,1,0,0,0,0,0,0,0,1,0,1,0,0,0,0,0,1,0,1,0,0,0,0,0,0,0,0,0,0,0,0,0,0,1,0,1,0,0,1,1,0,1,0,1,0,0,1,1
2001-08-12,237,13,0,5,2,1,1,7,5,29,5,15,4,7,5,12,9,10,2,7,4,5,2,3,4,2,0,0,3,1,0,2,0,18,9,5,9,12,4,9,6,0,0,0,1,0,0,0,0,0,0,0,0,0,0,0,0,0,0,0,0,0,0,0,0,0,0,0,0,0,0,0,0,0,0,0,0,0,0,0,0,0,0,1,0,0,0,0,1,0,0,1,0,0,0,0,1
2001-09-12,242,14,0,5,2,1,1,7,5,29,5,15,4,7,6,12,9,12,2,7,4,5,3,3,3,2,0,0,3,1,0,2,0,17,9,6,9,12,4,10,6,0,0,0,0,0,0,0,0,0,0,0,0,0,0,0,0,0,0,0,0,0,0,0,0,0,0,0,0,0,0,0,0,1,0,0,0,0,0,0,0,3,0,0,0,0,1,0,0,2,0,0,0,0,1,0,0
2001-10-12,247,15,0,8,2,1,1,7,6,29,5,15,4,7,6,12,9,11,2,8,4,5,3,3,2,2,0,0,3,1,0,2,0,17,9,6,9,12,4,10,7,0,0,0,0,0,0,0,0,1,0,0,0,0,0,0,0,0,0,0,0,0,0,0,0,0,0,0,0,0,0,0,0,0,0,1,0,0,0,0,0,2,0,3,0,0,0,0,1,2,0,2,0,0,0,0,1
2001-11-12,247,14,0,8,1,1,1,8,7,30,5,15,4,7,6,12,9,10,2,8,4,5,2,3,2,3,0,0,3,1,0,2,0,17,9,6,9,12,4,10,7,0,0,0,1,0,0,0,0,0,0,0,0,0,0,0,0,0,0,0,0,0,1,0,0,0,0,0,0,0,0,0,0,0,0,0,0,0,0,0,0,0,0,0,0,0,0,1,1,0,0,0,0,0,0,1,1
2001-12-12,247,14,0,9,1,1,1,7,7,30,5,15,4,7,6,12,9,11,2,8,4,5,2,2,2,3,0,0,3,1,0,2,0,16,10,6,9,12,4,10,7,0,0,0,0,0,0,0,0,0,0,0,0,0,0,1,0,0,0,0,0,0,0,0,0,0,0,0,0,0,0,0,0,1,0,0,0,0,0,0,0,1,0,1,0,0,0,0,0,1,0,1,0,0,0,0,0
2002-01-12,252,15,1,9,1,1,1,8,7,30,5,15,4,7,6,12,9,12,4,7,4,4,2,2,1,3,0,1,3,1,0,2,0,16,10,6,9,13,4,10,7,0,0,0,0,0,0,0,0,0,0,0,0,0,0,0,0,0,0,0,0,0,0,0,1,0,0,0,0,0,0,0,0,1,0,0,0,0,0,0,0,2,2,1,0,0,0,1,0,2,2,1,0,0,0,1,0
2002-02-12,255,14,1,10,1,1,1,9,7,32,5,15,4,7,6,12,9,11,4,7,3,4,2,2,2,3,0,1,3,1,0,2,0,16,10,7,9,13,4,10,7,0,0,0,0,0,0,0,0,0,0,0,0,0,0,0,0,0,0,0,1,0,0,0,0,0,0,0,0,0,0,0,0,0,0,0,0,0,0,0,0,1,0,1,0,0,0,1,1,1,0,1,0,0,0,1,1
2002-03-12,254,16,1,10,1,1,1,7,8,32,5,15,4,5,6,14,9,10,4,7,3,4,2,2,2,3,0,1,3,1,0,2,0,16,10,7,9,13,4,9,7,0,0,0,0,0,0,0,0,0,0,0,0,2,0,0,0,1,0,0,0,0,0,0,0,0,0,0,0,0,0,0,0,0,0,0,0,0,0,1,0,1,0,0,0,0,0,0,1,1,0,0,0,0,0,0,1
2002-04-12,259,20,1,12,1,1,1,7,9,31,5,15,2,5,6,14,9,11,5,6,3,4,2,2,3,3,0,1,2,1,0,2,0,15,10,7,9,14,4,9,7,0,0,0,0,0,0,0,0,1,0,0,2,0,0,0,0,1,0,1,0,0,0,0,0,0,0,0,1,0,0,0,0,1,0,0,0,0,0,0,0,4,1,2,0,0,0,0,1,2,1,1,0,0,0,0,1
2002-05-12,261,18,1,12,1,1,1,7,8,33,5,15,2,5,6,14,10,12,5,6,3,4,2,2,3,3,0,2,2,1,0,2,0,15,10,7,9,14,4,9,7,0,0,0,0,0,0,0,0,0,0,0,0,0,0,0,0,0,0,0,0,0,0,0,0,0,0,0,0,0,0,0,0,0,0,0,0,0,0,0,0,1,0,1,0,0,0,0,0,1,0,1,0,0,0,0,0
2002-06-12,262,18,1,11,1,2,1,7,8,33,5,16,2,5,6,14,10,11,5,6,3,5,2,2,3,3,0,2,2,1,0,2,0,15,10,7,9,13,4,10,7,0,0,0,0,0,0,0,0,0,0,0,0,0,0,0,0,0,0,0,0,0,0,0,0,0,0,0,0,0,0,0,0,0,0,0,0,1,0,0,0,0,0,0,0,1,0,0,0,0,0,0,0,1,0,0,0
2002-07-12,268,17,1,12,1,2,3,8,8,34,5,16,2,5,6,14,10,13,5,6,3,4,2,3,3,3,0,2,2,1,0,2,0,15,10,7,9,13,4,10,7,0,0,0,0,0,0,0,0,0,0,0,0,0,0,0,0,0,0,0,0,1,0,0,0,0,0,0,0,0,0,0,0,0,0,0,0,0,0,0,0,1,0,1,0,0,1,1,0,1,0,1,0,0,1,1,0
2002-08-12,270,18,1,11,1,2,3,8,8,34,5,16,2,5,6,14,11,15,6,6,3,3,2,3,3,3,0,2,2,1,0,2,0,15,10,7,9,12,4,10,7,0,0,1,0,0,0,0,0,0,0,0,0,0,0,0,0,0,0,0,0,1,0,0,0,0,0,0,0,0,0,0,0,0,0,0,0,1,0,0,0,2,1,0,0,0,0,0,1,2,1,0,0,0,0,0,1
2002-09-12,268,19,0,11,1,2,3,7,8,34,5,16,2,5,6,15,11,15,6,6,2,3,2,2,4,3,0,2,2,1,0,2,0,16,10,8,8,10,4,10,7,0,1,0,0,0,0,0,1,0,0,0,0,0,0,0,0,0,0,0,1,0,0,0,0,0,0,0,0,0,0,0,0,0,0,0,0,2,0,0,0,1,0,0,0,0,0,0,2,1,0,0,0,0,0,0,2
2002-10-12,264,19,0,11,1,2,3,7,8,32,4,15,2,5,6,15,10,15,6,4,2,3,2,2,6,3,0,2,2,1,0,2,0,17,10,8,8,10,4,10,7,0,0,1,0,0,0,0,0,2,1,1,0,0,0,0,1,0,0,2,0,0,0,0,0,0,0,0,0,0,0,0,0,0,0,0,0,0,0,0,0,0,0,1,0,0,0,0,1,0,0,1,0,0,0,0,1
2002-11-12,260,19,0,10,0,2,4,6,8,30,3,16,3,5,6,16,10,15,5,3,3,3,2,2,6,3,0,2,2,1,0,1,0,17,10,8,8,10,4,10,7,0,0,0,0,0,0,0,0,2,1,0,0,0,0,0,0,1,1,1,0,0,0,0,0,0,0,0,0,0,0,1,0,0,0,0,0,0,0,0,0,1,0,0,1,0,1,0,0,1,0,0,1,0,1,0,0
2002-12-12,254,20,0,10,0,2,4,6,9,30,3,15,3,5,5,16,10,15,4,3,2,2,2,2,6,3,0,2,1,1,0,1,0,16,10,8,8,10,4,9,7,0,0,0,0,0,0,0,0,0,0,1,0,0,1,0,0,0,1,0,1,1,0,0,0,0,0,0,1,0,0,0,0,1,0,0,0,0,0,1,0,1,0,0,0,0,0,0,1,1,0,0,0,0,0,0,1
2003-01-12,260,18,2,12,0,2,4,5,10,33,3,15,3,5,5,17,10,14,4,3,2,2,2,1,7,3,0,2,1,1,0,2,0,16,10,8,8,10,4,9,7,0,0,0,0,0,0,0,0,0,0,0,0,0,0,0,0,1,0,0,0,0,0,0,0,0,0,0,0,0,0,0,0,0,0,0,0,0,0,0,0,1,1,1,0,0,0,0,1,1,1,1,0,0,0,0,1
2003-02-12,257,17,2,12,0,3,4,5,10,33,3,15,3,5,5,15,10,13,4,3,2,1,2,1,7,3,0,2,1,1,0,2,0,16,10,8,8,10,5,10,6,0,0,0,0,0,0,0,0,1,0,0,0,0,0,2,0,0,0,0,0,0,0,0,0,0,0,0,0,0,0,0,0,0,0,0,0,0,0,0,1,0,0,0,0,1,0,0,0,0,0,0,0,1,0,0,0
2003-03-12,258,18,2,12,0,2,4,5,10,33,3,15,3,6,5,15,10,15,4,3,2,0,1,1,7,3,0,2,1,1,0,2,0,16,10,8,8,10,5,10,6,0,0,0,0,0,0,0,0,0,0,1,0,0,0,0,0,0,0,0,0,0,1,0,0,0,0,0,0,0,0,0,0,1,0,0,0,0,0,0,0,2,0,1,0,0,0,0,0,1,0,1,0,0,0,0,0
2003-04-12,264,18,2,12,0,2,4,5,9,32,3,15,3,6,5,15,11,16,4,4,2,0,0,3,8,3,0,2,1,1,0,2,0,18,10,9,8,10,5,10,6,0,0,0,0,0,0,0,0,1,0,0,0,0,0,0,0,0,0,0,0,0,0,0,0,0,0,0,0,0,0,0,0,0,0,0,0,0,0,0,0,2,0,1,0,0,0,1,2,2,0,1,0,0,0,1,1
2003-05-12,266,18,2,12,0,2,4,5,10,31,3,15,3,6,5,15,11,15,5,6,2,0,0,3,8,3,0,2,1,1,0,2,0,17,10,9,8,10,5,11,6,0,0,0,0,0,0,0,0,1,0,0,0,0,0,0,0,0,0,0,0,0,0,0,0,0,0,0,0,0,0,0,0,1,0,0,0,0,0,0,0,0,1,2,0,0,0,0,1,0,1,1,0,0,0,0,1
2003-06-12,267,16,2,11,0,4,4,5,10,33,2,13,3,6,5,15,11,16,5,7,2,0,0,5,8,3,0,2,1,1,0,2,0,17,10,9,8,10,5,11,5,0,0,1,0,0,0,0,0,0,1,2,0,0,0,0,0,0,0,0,0,0,0,0,0,0,0,0,0,0,0,0,0,0,0,0,0,0,0,0,1,1,0,1,0,1,0,1,0,1,0,1,0,1,0,1,0
2003-07-12,271,16,2,12,0,4,4,4,11,33,2,13,3,6,5,16,11,16,4,9,1,0,0,5,9,3,0,2,1,1,0,1,0,18,10,10,8,10,5,11,5,0,0,0,0,0,0,0,0,0,0,0,0,0,0,0,0,0,0,0,0,0,0,0,0,0,0,0,0,0,0,0,0,1,0,0,0,0,0,0,0,0,0,2,0,0,0,0,1,0,0,1,0,0,0,0,1
2003-08-12,277,18,3,13,0,4,6,4,10,33,2,13,3,6,5,16,12,16,5,10,1,0,0,5,9,3,0,2,1,1,0,1,0,17,10,10,8,10,5,11,4,0,0,0,0,0,0,0,0,0,0,0,0,0,0,0,0,0,0,0,0,0,0,0,0,0,0,0,0,0,0,0,0,1,0,0,0,0,0,0,1,2,1,1,0,0,1,0,0,1,1,1,0,0,1,0,0
2003-09-12,277,18,3,13,0,4,5,5,10,34,2,13,2,6,6,16,12,16,5,9,1,0,0,5,9,3,0,2,1,1,0,1,0,17,10,11,8,10,5,10,4,0,0,0,0,0,0,0,0,0,0,0,1,0,0,0,0,0,0,1,0,0,0,0,0,0,0,0,0,0,0,0,0,0,0,0,0,0,0,1,0,1,0,0,0,0,0,1,0,1,0,0,0,0,0,1,0
2003-10-12,277,19,3,10,0,4,5,6,9,36,2,16,1,6,6,16,13,16,5,9,0,0,0,5,9,3,0,1,1,1,0,1,0,16,10,11,8,10,5,10,4,0,0,0,0,0,0,0,0,0,0,0,1,0,0,0,0,0,0,0,1,0,0,0,0,0,0,1,0,0,0,0,0,1,0,0,0,0,0,0,0,2,0,0,0,0,0,1,0,1,0,0,0,0,0,1,0
2003-11-12,282,20,3,11,0,4,5,5,8,36,2,16,1,6,6,17,14,17,5,11,0,0,0,5,9,3,0,1,1,1,0,1,0,16,10,11,8,10,5,10,4,0,0,0,0,0,0,0,0,0,0,0,0,0,0,0,0,0,0,0,0,0,0,0,1,0,0,0,0,0,0,0,0,0,0,0,0,0,0,0,0,2,0,2,0,0,0,0,1,2,0,2,0,0,0,0,1
2003-12-12,280,20,3,9,0,4,5,6,8,36,2,16,1,6,6,17,14,16,5,11,0,1,0,5,9,4,0,1,1,1,0,1,0,15,10,11,7,10,5,10,4,0,0,1,0,0,0,0,0,0,0,1,0,0,0,0,0,0,0,0,0,0,0,0,1,0,0,0,0,0,0,0,0,1,0,0,1,0,0,0,0,0,0,0,0,1,0,1,1,0,0,0,0,1,0,1,1
2004-01-12,279,21,3,9,0,2,5,6,8,37,2,16,1,6,5,18,14,15,3,10,0,2,0,6,9,4,0,1,1,1,0,1,0,15,10,10,7,11,6,10,4,0,0,0,0,2,0,0,0,0,0,0,0,0,1,0,0,1,1,0,0,0,0,0,0,0,0,0,0,0,0,0,0,0,0,1,0,0,0,1,0,2,0,0,0,1,0,1,0,2,0,0,0,1,0,1,0
2004-02-12,276,20,3,8,0,2,5,5,9,38,2,15,1,6,5,19,14,15,3,10,0,2,0,6,9,4,0,1,1,0,0,1,0,15,8,10,7,11,6,11,4,1,0,0,0,0,0,0,0,0,0,2,0,0,0,0,0,0,0,0,0,0,0,0,0,0,0,0,0,1,0,0,0,0,2,0,0,0,0,0,0,1,0,0,0,0,0,0,2,1,0,0,0,0,0,0,1
2004-03-12,272,17,3,8,0,2,4,5,8,40,2,15,1,6,4,18,15,16,3,8,0,3,0,6,9,4,0,1,1,0,0,1,0,15,8,10,7,11,6,11,4,1,0,0,0,0,1,0,0,0,0,0,0,0,1,1,0,0,0,2,0,0,0,0,0,0,0,0,0,0,0,0,0,0,0,0,0,0,0,0,0,1,0,0,0,1,0,0,0,1,0,0,0,1,0,0,0
2004-04-12,271,13,3,7,0,2,4,5,7,43,2,16,1,6,4,18,16,15,2,9,0,3,0,6,8,4,0,1,1,0,0,1,0,15,8,12,7,11,6,11,4,1,0,0,0,0,0,0,0,0,0,0,0,0,0,0,0,0,1,0,0,0,0,0,0,0,0,0,0,0,0,0,0,0,0,0,0,0,0,0,0,0,0,1,0,0,0,0,0,0,0,1,0,0,0,0,0
2004-05-12,272,13,3,9,0,2,4,5,8,43,2,14,1,6,4,18,16,14,2,9,0,3,0,7,8,5,0,1,1,0,0,1,0,14,8,12,7,11,6,11,4,0,0,0,0,0,0,0,0,0,0,2,0,0,0,0,0,0,0,0,0,0,0,0,0,0,0,0,0,0,0,0,0,2,0,0,0,0,0,0,0,0,0,2,0,0,0,1,1,0,0,1,0,0,0,1,1
2004-06-12,275,13,3,9,0,3,4,5,10,42,2,14,1,6,3,18,16,15,2,10,0,4,0,7,8,5,0,1,1,0,0,1,0,14,8,11,7,11,6,11,4,0,0,0,0,0,0,0,0,1,0,0,0,0,1,0,0,0,0,0,0,0,0,0,0,0,0,0,0,0,0,0,0,0,0,1,0,0,0,0,0,1,0,1,0,1,0,0,1,1,0,1,0,1,0,0,1
2004-07-12,284,16,3,9,0,3,2,4,12,42,2,14,1,6,5,19,16,13,3,12,0,4,0,7,8,6,0,1,1,0,0,1,0,15,8,11,7,11,6,11,5,0,0,0,0,0,0,0,0,0,0,0,0,0,0,0,0,1,0,0,0,0,0,0,0,0,0,0,0,0,0,0,0,0,0,0,0,0,0,0,0,3,1,1,0,0,0,1,1,2,1,1,0,0,0,1,1
2004-08-12,284,15,3,9,0,3,2,4,14,43,2,14,1,6,5,19,17,11,2,12,0,4,0,7,7,8,0,1,1,0,0,1,0,14,7,10,8,11,6,11,6,0,0,0,0,0,0,0,0,0,0,0,0,0,0,0,0,0,0,1,0,0,0,0,2,0,1,0,0,0,0,0,0,1,0,0,0,0,0,0,0,0,0,1,0,0,0,0,3,0,0,1,0,0,0,0,3
2004-09-12,279,14,2,9,0,3,0,4,12,44,2,14,1,6,5,19,18,11,2,12,0,4,0,7,7,8,0,1,1,0,0,1,0,14,7,9,8,11,5,12,6,0,1,0,0,0,2,0,1,0,0,0,0,0,0,0,0,1,0,0,0,0,0,0,0,0,0,0,0,0,0,0,0,0,0,0,0,0,1,0,0,1,0,0,0,0,0,0,0,1,0,0,0,0,0,0,0
2004-10-12,280,14,2,7,0,3,0,4,13,44,2,15,1,6,5,19,18,13,2,12,0,4,0,7,6,7,0,1,1,0,0,1,0,14,7,7,8,12,5,14,6,1,0,1,0,0,0,0,0,0,0,0,0,0,0,0,0,1,0,0,0,0,0,0,0,0,0,0,0,0,0,0,0,0,0,2,0,0,0,0,0,3,0,0,0,0,0,0,1,3,0,0,0,0,0,0,1
2004-11-12,283,15,2,7,0,3,0,4,13,44,2,14,1,6,5,19,18,13,2,10,0,7,0,8,6,8,0,1,1,0,0,1,0,14,7,7,8,12,5,14,6,0,0,0,0,0,0,0,0,0,0,1,0,0,0,0,0,0,0,2,0,0,0,0,0,0,0,0,0,0,0,0,0,0,0,0,0,0,0,0,0,1,0,0,0,2,0,1,0,1,0,0,0,2,0,1,0
2004-12-12,281,17,2,8,0,2,0,4,13,44,2,14,1,6,5,19,18,13,2,11,0,7,0,7,6,8,0,1,1,0,0,1,0,12,7,7,8,12,5,13,5,0,0,0,0,1,0,0,0,0,0,0,0,0,0,0,0,0,0,0,0,0,0,1,0,0,0,0,0,0,0,0,0,3,0,0,0,0,0,1,0,1,0,1,0,0,0,0,0,1,0,1,0,0,0,0,0
2005-01-12,283,16,1,6,0,2,0,7,12,45,3,16,1,6,5,19,19,12,2,12,0,6,0,8,6,8,0,1,1,0,0,1,0,12,7,7,8,12,5,12,5,2,0,0,0,0,0,0,0,0,0,0,0,0,0,0,0,1,0,0,0,1,0,0,0,0,0,0,0,0,0,0,0,0,0,0,0,0,0,1,0,1,0,1,0,0,0,2,0,1,0,1,0,0,0,2,0
2005-02-12,286,19,1,6,0,1,0,7,12,44,3,16,1,6,5,19,19,13,2,11,0,6,0,9,7,8,0,1,1,0,0,1,0,12,7,7,8,12,5,12,5,0,0,0,0,0,0,0,0,1,0,0,0,1,0,0,0,0,0,1,0,0,0,0,0,0,0,0,0,0,0,0,0,0,0,0,0,0,0,0,0,2,0,0,0,0,0,1,1,2,0,0,0,0,0,1,1
2005-03-12,284,19,1,6,1,1,0,7,12,44,3,15,1,6,5,19,19,12,2,10,1,6,0,8,7,8,0,1,1,0,0,1,0,11,7,8,8,12,5,12,5,0,0,0,0,0,0,0,0,1,0,1,0,0,0,0,0,0,0,2,0,0,0,1,0,0,0,0,0,0,0,0,0,1,0,0,0,0,0,0,0,1,0,1,1,0,0,0,0,1,0,1,1,0,0,0,0
2005-04-12,290,19,1,6,1,1,0,7,13,42,3,15,1,6,5,19,19,15,1,10,1,6,0,9,9,8,0,1,1,0,0,1,1,11,7,9,7,12,6,12,5,0,0,0,0,0,0,0,0,2,0,0,0,0,0,0,0,0,1,0,0,0,0,0,0,0,0,0,0,0,0,0,0,0,0,0,1,0,0,0,0,3,0,0,0,0,0,1,3,1,0,0,0,0,0,1,2
2005-05-12,301,21,1,7,1,1,0,10,12,42,3,15,1,6,5,19,20,18,0,10,1,6,0,11,9,7,0,1,1,0,0,0,1,11,7,9,7,12,6,14,6,0,0,0,0,0,0,0,0,0,0,0,0,0,0,0,0,0,0,0,0,0,0,1,0,0,0,0,0,0,0,0,0,1,0,0,0,0,0,0,0,4,0,2,0,0,0,3,0,4,0,1,0,0,0,2,0
2005-06-12,300,20,1,8,1,0,0,10,11,42,3,15,1,7,5,19,20,18,1,9,1,6,0,10,9,7,0,1,1,0,0,0,1,13,7,9,7,12,6,13,6,2,0,0,0,0,0,0,1,0,0,0,0,0,0,0,0,0,0,0,0,0,0,0,0,0,0,0,0,0,0,0,0,0,0,0,0,0,0,1,0,1,1,1,0,0,0,0,0,1,1,1,0,0,0,0,0
2005-07-12,301,19,1,7,1,0,1,10,10,42,3,16,1,7,5,19,21,19,1,9,1,5,0,10,9,7,0,1,1,0,0,0,1,14,7,9,7,12,6,13,6,1,0,0,0,0,0,0,0,0,0,0,0,0,0,0,0,0,0,0,0,1,0,0,0,0,0,0,0,0,0,0,0,0,0,0,0,0,0,0,0,1,0,0,0,0,1,0,1,1,0,0,0,0,1,0,1
2005-08-12,305,18,1,6,1,0,2,10,9,43,4,17,0,7,5,19,19,21,1,10,1,5,1,11,9,7,0,1,1,0,0,0,1,15,7,8,7,12,6,13,7,0,0,0,0,0,0,0,1,0,0,0,1,0,0,0,2,0,0,0,0,0,0,0,0,0,0,0,0,0,0,0,0,0,0,0,0,0,0,0,0,1,1,1,0,0,1,1,0,1,1,1,0,0,1,1,0
2005-09-12,309,19,1,8,1,0,2,9,9,43,4,17,0,7,5,20,19,21,1,12,1,5,1,11,9,7,0,1,1,0,0,0,1,15,7,8,7,12,6,13,6,0,0,0,0,0,0,0,0,1,0,0,0,0,0,0,0,0,0,0,0,0,0,0,0,0,0,0,0,0,0,0,0,0,0,0,0,0,0,0,1,1,0,3,0,0,0,0,0,1,0,2,0,0,0,0,0
2005-10-12,307,18,1,8,1,0,2,8,8,41,4,17,0,7,5,21,19,22,1,13,1,5,1,11,10,7,0,1,1,0,0,0,1,15,7,8,7,12,6,12,6,0,0,0,0,0,0,0,1,4,0,0,0,0,0,0,0,0,0,0,0,0,0,0,0,0,0,0,0,0,0,0,0,0,0,0,0,0,0,1,0,1,0,1,0,0,0,0,1,1,0,1,0,0,0,0,1
2005-11-12,308,18,1,9,1,0,2,8,8,41,4,18,0,6,5,21,19,21,1,13,1,5,1,11,10,7,0,1,1,0,0,0,1,16,7,8,7,12,6,13,5,0,0,0,0,0,0,0,0,0,0,0,0,1,0,0,0,0,0,0,0,0,0,0,0,0,0,0,0,0,0,0,0,0,0,0,0,0,0,0,0,0,0,1,0,0,0,0,0,0,0,1,0,0,0,0,0
2005-12-12,304,18,1,9,1,0,2,7,8,41,3,18,0,5,5,22,19,20,1,14,1,3,1,11,10,7,0,1,1,0,0,0,1,16,7,8,7,11,6,14,5,0,0,0,0,0,0,0,0,0,1,0,0,1,0,0,0,1,0,0,0,1,0,0,0,0,0,0,0,0,0,0,0,1,0,0,0,1,0,0,0,0,0,1,0,0,0,0,1,0,0,1,0,0,0,0,1
2006-01-12,307,20,1,9,1,0,3,6,7,43,3,18,0,5,5,23,19,19,1,14,1,3,2,11,10,4,0,1,1,0,0,0,1,16,7,8,7,11,6,15,6,0,0,0,0,0,0,0,1,0,0,0,0,0,0,0,0,1,0,0,0,0,0,0,1,2,0,0,0,0,0,0,0,0,0,0,0,0,0,0,0,3,0,0,0,0,1,0,1,2,0,0,0,0,1,0,1
2006-02-12,308,21,1,9,1,0,4,6,6,43,3,18,0,5,5,22,20,21,1,14,1,3,3,11,9,4,0,1,0,0,0,0,1,17,7,8,7,11,5,14,6,0,0,0,0,0,0,0,0,0,0,0,0,0,0,1,0,0,0,0,0,0,0,1,0,0,0,0,1,0,0,0,0,0,0,0,0,0,1,1,0,3,0,0,0,0,1,1,0,3,0,0,0,0,1,1,0
2006-03-12,305,20,1,8,1,0,4,6,6,43,3,18,0,5,5,21,19,22,1,14,1,3,3,11,9,4,0,1,0,0,0,0,1,17,7,8,7,11,5,13,7,1,0,1,0,0,0,0,0,0,0,0,0,0,0,1,1,0,0,0,0,0,0,0,0,0,0,0,0,0,0,0,0,0,0,0,0,0,0,1,0,1,0,0,0,0,0,0,0,1,0,0,0,0,0,0,0
2006-04-12,308,22,1,8,1,1,4,7,7,41,3,18,0,5,5,21,19,22,1,15,1,3,3,11,9,4,0,1,0,0,0,0,1,17,7,8,6,11,5,13,7,0,0,0,0,0,0,0,0,2,0,0,0,0,0,0,0,0,0,1,0,0,0,0,0,0,0,0,0,0,0,0,0,0,0,0,1,0,0,0,0,1,0,1,0,1,0,1,1,1,0,1,0,1,0,1,1
2006-05-12,308,22,1,7,1,1,4,7,6,39,3,20,0,5,5,21,20,23,1,15,1,3,3,11,9,4,0,1,0,0,0,0,1,17,7,8,6,11,5,13,7,0,0,0,0,0,0,0,0,2,0,0,0,0,0,0,0,0,0,0,0,0,0,0,0,0,0,0,0,0,0,0,0,0,0,0,0,0,0,0,0,1,0,1,0,0,0,0,0,1,0,1,0,0,0,0,0
2006-06-12,304,21,1,7,0,1,4,7,5,38,3,20,0,4,5,21,21,22,1,13,1,4,3,11,9,4,0,2,0,0,0,0,1,17,7,8,6,11,5,13,8,1,0,0,1,0,0,0,0,1,0,0,0,1,0,0,0,0,0,1,0,0,0,0,0,0,0,0,0,0,0,0,0,0,0,0,0,0,0,0,0,0,0,0,0,1,0,0,0,0,0,0,0,1,0,0,0
2006-07-12,307,20,1,8,0,1,4,8,5,39,3,20,0,4,5,20,21,23,1,11,1,4,3,10,10,4,0,2,0,0,0,0,1,18,7,8,6,12,5,13,9,0,0,0,0,0,0,0,0,0,0,0,0,0,0,1,0,0,0,1,0,0,0,0,0,0,0,0,0,0,0,0,0,0,0,0,0,0,0,0,0,1,0,1,0,0,0,1,1,1,0,1,0,0,0,1,1
2006-08-12,311,23,1,9,0,1,4,8,3,39,3,20,0,3,5,20,23,23,1,12,1,4,3,9,9,4,0,3,0,0,0,0,2,18,7,8,6,12,5,13,9,0,0,0,0,0,0,0,0,0,0,0,0,1,0,0,0,1,0,0,0,0,0,1,0,0,0,0,0,0,0,0,0,0,0,0,0,0,0,0,0,3,0,3,0,0,0,0,0,3,0,3,0,0,0,0,0
2006-09-12,313,21,2,9,0,1,4,8,5,39,3,20,0,3,5,20,23,22,1,13,1,6,3,8,9,4,0,3,0,0,0,0,2,18,7,8,6,12,5,13,9,2,0,0,0,0,0,0,0,0,0,0,0,0,0,0,0,0,0,0,0,0,0,1,0,1,0,0,0,0,0,0,0,0,0,0,0,0,0,0,0,0,1,1,0,1,0,0,2,0,1,1,0,1,0,0,1
2006-10-12,310,21,2,9,0,1,4,8,5,39,3,19,0,3,4,20,24,20,1,13,1,6,3,7,9,4,0,3,0,0,0,0,2,17,7,10,6,12,5,13,9,0,0,0,0,0,0,0,0,1,0,1,0,0,1,0,0,0,0,0,0,0,0,1,0,1,0,0,0,0,0,0,0,1,0,0,0,0,0,0,0,1,0,0,0,0,0,0,2,1,0,0,0,0,0,0,1
2006-11-12,315,23,2,9,0,1,4,9,5,39,3,19,0,3,4,20,24,19,1,14,1,3,3,6,10,4,0,3,0,0,0,0,2,18,7,12,6,12,5,13,11,0,0,0,0,0,0,0,0,1,0,0,0,0,0,0,0,0,0,0,0,0,0,0,0,0,0,0,0,0,0,0,0,0,0,0,0,0,0,0,0,3,0,1,0,0,0,1,1,3,0,1,0,0,0,1,1
2006-12-12,314,24,3,10,0,1,4,9,5,38,3,20,0,3,4,19,24,19,2,13,1,3,3,6,10,2,0,3,0,0,0,0,2,17,7,13,6,12,5,13,10,1,0,0,0,0,0,0,0,1,0,0,0,0,0,1,0,0,0,1,0,0,0,0,0,1,0,0,0,0,0,0,0,2,0,0,0,0,0,0,1,2,1,2,0,0,0,0,0,2,1,2,0,0,0,0,0
2007-01-12,316,23,3,10,0,1,4,6,5,39,3,20,0,3,4,22,24,20,2,12,1,3,3,8,10,2,0,4,0,0,0,0,2,17,6,13,6,12,5,13,10,0,0,0,0,0,0,0,0,0,0,0,0,0,0,0,0,0,0,0,0,0,0,0,0,0,0,0,0,0,0,0,0,0,1,0,0,0,0,0,0,1,0,0,0,0,0,1,0,1,0,0,0,0,0,1,0
2007-02-12,317,20,3,11,0,1,4,6,5,42,3,20,0,3,3,22,24,20,2,12,1,3,3,7,9,2,0,4,0,0,0,0,2,19,6,13,6,12,5,13,11,0,0,0,0,0,0,0,0,0,0,0,0,0,1,0,0,0,0,0,0,0,0,0,0,0,0,0,0,0,0,0,0,0,0,0,0,0,0,0,0,1,0,1,0,0,0,0,0,1,0,1,0,0,0,0,0
2007-03-12,313,18,3,12,0,1,4,6,5,42,3,20,0,3,3,22,24,19,2,11,0,3,3,7,10,2,0,4,0,0,0,0,1,18,6,13,6,12,5,13,12,1,0,0,0,0,0,0,0,1,0,0,0,0,0,0,0,1,0,0,0,0,0,0,0,0,0,1,0,0,0,0,1,1,0,0,0,0,0,0,0,0,0,1,0,0,0,0,1,0,0,1,0,0,0,0,1
2007-04-12,316,18,3,13,0,1,4,10,4,41,3,20,0,3,3,22,25,16,2,13,0,3,3,4,7,2,0,4,0,0,0,1,1,19,6,14,5,12,6,15,13,0,0,0,0,0,0,0,0,1,0,0,0,0,0,0,0,0,0,0,0,0,0,1,1,0,0,0,0,0,0,0,0,0,0,0,1,0,0,0,0,0,0,2,0,0,0,2,0,0,0,2,0,0,0,2,0
2007-05-12,319,19,3,12,0,1,4,7,6,41,3,21,0,3,3,25,25,15,2,14,0,3,3,3,7,3,0,4,0,0,0,1,1,18,7,15,5,11,7,15,12,0,0,0,0,0,0,0,0,0,0,0,0,0,0,0,0,0,0,0,0,0,0,0,0,0,0,0,0,0,0,0,0,1,0,0,0,1,0,0,1,2,0,1,0,0,0,0,1,1,0,1,0,0,0,0,1
2007-06-12,322,20,3,11,0,1,4,8,7,41,3,22,0,3,3,25,25,18,1,14,0,2,2,3,8,3,0,4,0,0,0,1,1,18,7,15,5,11,6,15,12,0,0,0,0,0,0,0,0,0,0,0,0,0,0,0,0,0,0,0,0,1,1,0,0,0,0,0,0,0,0,0,0,0,0,0,0,0,2,0,0,3,0,0,0,0,0,1,1,2,0,0,0,0,0,1,1
2007-07-12,329,23,4,12,0,1,3,8,7,41,3,22,0,3,4,25,25,20,2,14,0,2,2,4,8,3,0,4,0,0,0,1,2,17,6,16,5,11,5,14,12,0,0,1,0,0,0,0,0,0,0,0,0,0,0,0,0,0,0,0,0,0,0,0,0,0,0,0,0,0,0,0,0,1,1,0,0,0,0,1,0,4,1,2,0,0,0,1,1,3,1,1,0,0,0,1,1
2007-08-12,329,26,3,13,0,1,2,8,8,40,4,22,0,3,5,24,25,18,2,11,0,2,1,3,8,3,0,5,0,0,0,1,2,16,6,17,6,12,5,14,13,0,0,0,0,0,0,0,0,1,0,0,0,0,0,1,0,0,0,2,0,0,0,0,0,0,0,1,0,0,0,0,0,1,0,0,0,0,0,0,0,3,0,1,0,0,0,0,1,3,0,1,0,0,0,0,1
2007-09-12,323,24,2,12,0,1,2,7,8,41,4,22,0,3,5,24,25,18,2,10,0,2,1,3,7,3,0,5,0,0,0,1,2,17,6,16,6,11,5,15,13,0,1,0,0,0,0,1,0,1,0,1,0,0,0,0,0,0,0,0,0,0,0,0,1,0,0,0,0,0,0,0,0,0,0,0,0,1,0,0,0,0,0,0,0,0,0,0,0,0,0,0,0,0,0,0,0
2007-10-12,324,23,2,12,0,1,2,7,10,42,4,22,0,3,5,24,24,17,2,10,0,2,1,3,6,3,0,5,0,0,0,1,2,18,6,16,6,11,5,16,13,0,0,0,0,0,0,0,0,0,0,0,0,0,0,0,1,0,0,0,0,0,0,0,0,0,0,0,0,0,0,0,0,0,0,0,0,0,0,0,0,0,0,0,0,0,0,0,1,0,0,0,0,0,0,0,1
2007-11-12,322,23,2,10,0,1,2,7,8,42,4,24,0,3,5,24,24,18,2,10,0,2,1,3,6,3,0,4,0,0,0,1,2,19,6,15,6,11,5,16,13,0,0,0,0,0,0,0,2,0,0,0,0,0,0,0,0,0,0,0,0,0,0,0,0,0,0,0,0,0,0,0,0,0,0,1,0,0,0,0,0,1,0,0,0,0,0,0,0,1,0,0,0,0,0,0,0
2007-12-12,318,24,2,11,0,1,2,7,8,42,4,24,0,3,5,24,23,19,2,8,0,2,1,3,5,1,0,3,0,0,0,1,2,19,6,15,6,10,5,16,14,0,0,0,0,0,0,0,0,0,0,0,0,0,0,0,1,0,0,1,0,0,0,0,0,1,0,1,0,0,0,0,0,0,1,1,0,1,0,0,0,1,0,1,0,0,0,0,0,1,0,1,0,0,0,0,0
2008-01-12,316,20,2,11,0,2,1,7,9,44,4,23,0,3,6,24,23,18,2,8,0,2,0,3,6,1,0,3,0,0,0,1,2,19,5,16,6,9,5,16,15,1,0,0,0,0,0,0,1,1,0,1,0,0,0,0,0,0,0,0,0,1,0,0,0,0,0,0,0,0,0,0,0,0,1,0,0,1,0,0,0,0,0,0,0,1,0,0,3,0,0,0,0,1,0,0,3
2008-02-12,313,22,2,11,0,2,1,7,9,43,4,22,0,3,7,24,22,16,2,8,0,2,1,3,5,2,0,2,0,0,0,1,2,19,5,14,6,8,6,17,15,0,0,0,0,0,0,0,0,2,0,1,0,0,0,0,1,0,0,0,0,0,0,0,1,0,0,0,0,0,0,0,0,0,0,2,0,1,0,0,0,2,0,0,0,0,1,0,0,1,0,0,0,0,1,0,0
2008-03-12,308,21,2,11,0,2,1,8,9,43,4,19,0,3,7,24,21,12,2,8,0,2,1,3,7,3,0,2,0,0,0,1,2,20,5,14,6,7,7,16,15,1,0,0,0,0,0,0,0,0,0,3,0,0,0,0,1,2,0,0,0,0,0,1,0,0,0,0,0,0,0,0,0,0,0,0,0,1,0,0,0,0,0,0,0,0,0,2,2,0,0,0,0,0,0,2,2
2008-04-12,314,20,2,12,0,1,2,7,8,43,4,19,0,4,7,25,22,14,2,6,0,3,2,5,6,3,0,3,0,0,0,1,2,20,5,14,6,7,7,17,15,0,0,0,0,0,0,0,0,1,0,0,0,0,0,0,0,0,0,0,0,0,0,0,1,0,0,0,0,0,0,0,0,0,0,0,0,0,0,0,0,1,0,1,0,1,1,2,0,1,0,1,0,1,1,2,0
2008-05-12,310,20,2,12,0,1,2,7,10,42,4,19,0,4,7,25,21,16,2,6,0,3,2,5,7,3,0,3,0,0,0,1,2,17,5,13,6,7,7,16,13,0,0,0,0,0,0,0,0,1,0,0,0,0,0,0,1,0,0,0,0,0,0,0,0,0,0,0,0,0,0,0,0,3,0,1,0,0,0,1,2,1,0,0,0,0,0,0,2,1,0,0,0,0,0,0,2
2008-06-12,306,20,2,12,0,1,2,8,10,41,4,19,0,3,7,25,21,15,2,6,0,3,2,5,7,3,0,3,0,0,0,1,2,16,5,14,6,7,7,15,12,0,0,0,0,0,0,0,0,1,0,0,0,1,0,0,0,1,0,0,0,0,0,0,0,0,0,0,0,0,0,0,0,1,0,0,0,0,0,0,1,0,0,0,0,0,0,1,0,0,0,0,0,0,0,1,0
2008-07-12,314,21,2,11,0,1,2,9,11,41,4,20,0,3,7,25,21,16,2,7,0,3,2,8,7,3,0,3,0,0,0,1,2,16,5,14,6,7,7,15,12,0,0,0,0,0,0,0,0,0,0,0,0,0,0,0,0,0,0,0,0,0,0,0,0,0,0,0,0,0,0,0,0,0,0,0,0,0,1,0,0,2,0,1,0,0,0,3,1,2,0,1,0,0,0,2,1
2008-08-12,315,20,2,11,0,1,2,9,12,42,4,20,0,3,7,25,21,15,2,7,0,3,2,8,8,4,0,3,0,0,0,1,2,16,5,13,6,7,7,15,12,0,0,0,0,0,0,0,0,2,0,1,0,0,0,0,0,0,0,0,0,0,0,0,0,0,0,0,0,0,0,0,0,0,0,1,0,0,0,0,0,2,0,1,0,0,0,0,1,1,0,1,0,0,0,0,1
2008-09-12,307,21,2,11,0,1,2,9,11,40,4,20,0,3,7,24,20,14,2,7,0,2,2,9,7,4,0,3,0,0,0,1,2,16,5,12,5,7,7,14,13,0,0,0,0,0,0,0,1,2,0,0,0,0,0,1,1,1,0,0,0,0,0,0,1,0,0,0,0,0,0,0,0,0,0,1,1,0,0,1,0,1,0,0,0,0,0,1,0,1,0,0,0,0,0,1,0
2008-10-12,306,23,1,11,0,1,2,9,11,40,4,20,0,3,7,23,20,14,2,6,0,2,2,9,8,4,0,3,0,0,0,1,2,14,5,12,5,7,7,15,13,1,1,0,0,0,0,0,0,0,0,0,0,0,0,1,0,0,0,1,0,0,0,0,0,0,0,0,0,0,0,0,0,1,0,0,0,0,0,0,0,2,0,0,0,0,0,0,1,2,0,0,0,0,0,0,1
2008-11-12,309,20,1,12,0,1,2,8,11,43,4,20,0,3,7,24,20,15,1,7,0,2,2,9,7,4,0,3,0,0,0,1,2,15,5,12,5,7,7,15,14,0,0,0,0,0,0,0,0,0,0,0,0,0,0,0,0,0,1,0,0,0,0,0,0,0,0,0,0,0,0,0,0,0,0,0,0,0,0,0,0,1,0,2,0,0,0,0,0,1,0,2,0,0,0,0,0
2008-12-12,314,19,1,11,0,1,2,9,11,45,4,22,0,3,7,24,20,15,1,7,0,2,2,10,7,4,0,3,0,0,0,1,2,15,5,12,5,7,7,16,14,0,0,0,0,0,0,0,0,0,0,0,0,0,0,0,0,0,0,0,0,0,0,0,0,0,0,0,0,0,0,0,0,0,0,0,0,0,0,0,0,1,0,1,0,0,0,2,0,1,0,1,0,0,0,2,0
2009-01-12,318,21,1,12,0,1,1,10,11,44,4,22,0,3,7,24,20,16,1,9,0,2,2,8,8,5,0,3,0,0,0,2,2,15,5,12,5,5,7,16,14,0,0,0,0,0,1,0,0,1,0,0,0,0,0,0,0,1,0,0,0,0,0,0,0,0,0,0,0,0,0,0,0,1,0,0,0,2,0,0,0,4,0,3,0,0,0,1,1,3,0,2,0,0,0,1,1
2009-02-12,320,23,2,11,0,1,0,10,11,42,3,23,0,3,7,24,19,15,1,12,0,2,2,8,9,5,0,3,0,0,0,2,2,15,5,13,5,5,7,16,14,0,0,0,0,0,1,0,0,2,1,0,0,0,0,0,1,0,0,0,0,0,0,0,1,0,0,0,0,0,0,0,0,0,0,0,0,0,0,0,0,1,1,2,0,0,0,0,1,1,1,2,0,0,0,0,1
2009-03-12,317,23,2,9,0,1,0,11,10,42,3,23,0,3,7,24,19,15,1,12,0,2,4,8,8,5,0,3,0,0,0,2,2,15,5,13,5,5,6,16,13,0,0,1,0,0,0,0,2,0,0,1,0,0,0,0,0,0,0,0,0,0,0,0,1,0,0,0,0,0,0,0,0,0,0,0,0,0,1,0,1,0,0,0,0,0,1,1,1,0,0,0,0,0,1,1,1
2009-04-12,315,23,2,9,0,0,0,8,9,42,3,24,0,3,7,28,19,15,1,12,0,2,3,8,8,5,0,4,0,0,0,2,2,15,4,12,5,5,6,16,13,0,0,0,0,1,0,0,1,0,0,0,0,0,0,0,0,0,0,0,0,0,1,1,0,0,0,0,0,0,0,0,0,1,1,1,0,0,0,0,0,0,0,2,0,0,0,1,0,0,0,2,0,0,0,1,0
2009-05-12,315,23,2,9,0,0,1,8,8,42,3,24,0,3,7,28,20,14,1,13,0,2,4,8,8,5,0,3,0,0,0,2,2,15,3,12,5,5,6,16,13,0,0,0,0,0,0,0,0,1,0,0,0,0,0,0,0,0,0,0,0,0,0,0,0,0,0,1,0,0,0,0,0,0,1,0,0,0,0,0,1,1,0,1,0,0,2,0,0,1,0,1,0,0,1,0,0
2009-06-12,312,21,2,10,0,0,1,7,7,43,3,23,0,3,7,29,20,12,1,14,0,2,4,8,8,5,0,2,0,0,0,2,2,15,3,13,5,5,6,16,13,1,0,0,0,0,0,0,0,0,0,1,0,0,0,0,1,0,0,0,0,0,0,0,0,0,0,1,0,0,0,0,0,0,0,0,0,0,0,1,0,0,0,2,0,0,0,0,0,0,0,2,0,0,0,0,0
2009-07-12,313,19,1,9,0,0,1,7,8,45,4,24,0,3,7,28,19,13,0,14,0,2,4,9,8,6,0,2,0,0,0,2,2,16,3,13,5,5,5,16,13,0,0,0,0,0,0,0,0,0,0,0,0,0,0,1,1,0,0,1,0,0,0,0,1,0,0,0,0,0,0,0,0,0,0,0,0,0,1,0,0,1,0,1,0,0,0,1,1,1,0,1,0,0,0,1,1
2009-08-12,316,17,2,8,0,1,1,7,8,47,4,25,0,3,7,27,19,13,1,16,0,2,4,9,8,5,0,3,0,0,0,2,2,16,3,13,5,5,5,16,12,1,0,0,0,0,0,0,0,1,0,0,0,0,0,1,0,0,0,0,0,0,0,0,0,1,0,0,0,0,0,0,0,0,0,0,0,0,0,0,1,1,1,3,0,1,0,0,0,1,1,3,0,1,0,0,0
2009-09-12,315,17,2,8,0,1,1,7,8,47,4,25,0,3,7,27,19,12,1,16,0,2,4,10,7,4,0,3,0,0,0,2,2,17,3,13,5,5,5,16,12,0,0,0,0,0,0,0,0,0,0,0,0,0,0,0,0,1,0,0,0,0,0,0,1,0,0,0,0,0,0,0,0,0,0,0,0,0,0,0,0,0,0,0,0,0,0,1,0,0,0,0,0,0,0,1,0
2009-10-12,319,19,2,8,0,2,2,7,6,46,4,25,0,3,7,27,20,15,1,15,0,3,4,10,7,4,0,2,0,0,0,1,2,18,3,13,5,5,5,16,12,0,0,0,0,0,0,0,0,1,0,0,0,0,0,0,1,0,0,1,0,0,0,1,0,0,0,1,0,0,0,0,0,0,0,0,0,0,0,0,0,5,0,0,0,1,1,1,0,4,0,0,0,1,1,1,0
2009-11-12,322,19,2,8,0,2,2,9,6,46,4,25,0,2,7,27,20,17,1,15,0,3,3,10,8,5,0,2,0,0,0,1,2,17,3,13,5,5,5,16,12,0,0,0,0,0,0,0,0,0,0,0,0,1,0,0,0,0,0,0,0,0,1,0,0,0,0,0,0,0,0,0,0,1,0,0,0,0,0,0,0,2,0,0,0,0,0,2,1,2,0,0,0,0,0,2,1
2009-12-12,326,19,2,7,0,3,2,9,8,47,4,25,0,2,7,27,20,18,1,14,0,4,3,11,8,5,0,1,0,0,0,1,2,17,3,13,5,5,5,16,12,0,0,0,0,0,0,0,0,0,0,1,0,0,0,0,0,0,0,1,0,0,0,0,0,0,0,1,0,0,0,0,0,0,0,0,0,0,0,0,0,2,0,0,0,1,0,1,2,2,0,0,0,1,0,1,1
2010-01-12,322,18,2,8,0,3,2,9,7,46,4,24,0,2,7,27,21,18,1,13,0,3,3,11,7,5,0,1,0,0,0,1,2,18,3,13,5,5,5,16,12,1,0,0,0,0,0,0,0,1,0,1,0,0,0,0,0,0,0,1,0,0,0,1,0,0,0,0,0,0,0,0,0,1,0,0,0,0,0,0,0,0,0,1,0,0,0,1,0,0,0,1,0,0,0,1,0
2010-02-12,322,16,2,8,0,3,2,9,7,48,4,23,0,2,7,27,21,18,1,14,0,3,2,12,7,5,0,1,0,0,0,1,2,17,3,14,5,5,5,16,12,1,0,0,0,0,0,0,0,0,0,1,0,0,0,0,0,1,0,0,0,0,0,0,0,0,0,0,0,0,0,0,0,1,0,0,0,0,0,0,0,2,0,1,0,0,0,1,0,2,0,1,0,0,0,1,0
2010-03-12,329,18,2,10,0,3,4,9,9,47,4,22,0,2,7,28,21,18,1,15,0,3,2,11,5,5,0,1,0,0,0,1,3,18,3,14,5,5,5,16,12,0,0,0,0,0,0,0,0,1,0,1,0,0,0,0,0,1,0,1,0,0,0,0,0,0,0,0,0,0,0,0,0,0,0,0,0,0,0,1,0,2,0,3,0,0,1,1,1,2,0,2,0,0,1,1,1
2010-04-12,333,19,2,10,0,3,5,9,9,46,4,23,0,2,7,28,21,15,1,17,0,2,5,10,5,5,0,1,0,0,0,1,3,19,3,16,4,6,5,15,12,0,0,0,0,0,0,0,0,1,0,0,0,0,0,0,0,1,0,0,0,0,0,0,0,0,0,0,0,0,0,0,0,0,0,0,1,0,0,1,0,1,0,2,0,0,3,0,0,1,0,1,0,0,2,0,0
2010-05-12,333,19,2,10,0,3,5,11,8,45,4,22,0,2,7,28,22,14,1,17,0,2,5,10,7,5,0,1,0,0,0,1,3,19,3,16,4,5,5,14,13,1,0,0,0,0,0,0,0,1,0,1,0,0,0,0,1,0,0,0,0,0,0,0,0,0,0,0,0,0,0,0,0,0,0,0,0,1,0,1,0,1,0,0,0,0,0,1,2,1,0,0,0,0,0,1,2
2010-06-12,335,20,3,10,0,4,7,10,8,45,4,21,0,2,7,29,22,13,2,16,0,3,5,11,5,5,0,1,0,0,0,1,3,19,3,15,4,5,5,14,13,0,0,0,0,0,0,0,0,0,0,1,0,0,0,0,0,1,0,1,0,0,0,0,2,0,0,0,0,0,0,0,0,0,0,1,0,0,0,0,0,1,1,0,0,1,1,1,0,1,1,0,0,1,1,1,0
2010-07-12,335,20,3,12,0,4,7,10,8,45,4,20,0,2,7,30,22,13,2,14,0,3,5,8,5,5,0,1,0,0,0,1,3,20,3,17,4,5,5,14,13,0,0,0,0,0,0,0,0,1,0,1,0,0,0,0,0,0,0,1,0,0,0,1,0,0,0,0,0,0,0,0,0,1,0,0,0,0,0,0,0,2,0,1,0,0,0,1,0,2,0,1,0,0,0,1,0
2010-08-12,334,19,3,11,0,4,6,12,7,47,4,21,0,2,7,28,23,14,1,14,0,3,5,8,5,3,0,1,0,0,0,1,3,20,3,17,4,5,5,15,13,0,0,1,0,0,1,0,0,0,0,0,0,0,0,2,0,0,1,0,0,0,0,0,0,1,0,0,0,0,0,0,0,0,0,0,0,0,0,0,0,2,0,1,0,0,0,1,0,2,0,1,0,0,0,1,0
2010-09-12,336,18,3,12,0,4,5,12,9,47,4,21,0,2,7,27,23,14,1,15,0,3,5,7,7,3,0,1,0,0,0,1,3,20,3,17,4,5,5,15,13,0,0,0,0,0,1,0,1,1,0,0,0,0,0,1,0,0,0,0,0,0,0,0,0,0,0,0,0,0,0,0,0,1,0,0,0,0,0,0,0,0,0,2,0,0,0,0,4,0,0,2,0,0,0,0,2
2010-10-12,338,17,3,12,0,4,5,12,11,48,4,21,0,2,7,26,23,14,1,15,0,4,5,7,8,3,0,1,0,0,0,1,3,20,3,17,4,5,5,14,13,0,0,0,0,0,0,0,0,1,0,0,0,0,0,1,0,1,0,0,0,0,0,1,0,0,0,0,0,0,0,0,0,0,0,0,0,0,0,1,0,1,0,0,0,1,0,1,2,1,0,0,0,1,0,1,2
2010-11-12,340,20,3,11,0,4,4,12,12,48,4,22,0,2,7,25,23,15,1,16,0,4,4,7,8,3,0,1,0,0,0,1,3,20,3,17,4,5,5,14,12,0,0,2,0,0,1,0,0,0,0,0,0,0,0,1,0,0,0,0,0,0,1,0,0,0,0,0,0,0,0,0,0,0,0,0,0,0,0,0,1,3,0,2,0,0,0,0,1,2,0,2,0,0,0,0,1
2010-12-12,337,17,3,11,0,4,4,11,12,48,4,22,0,2,7,26,22,16,1,16,0,4,4,6,8,3,0,1,0,0,0,1,3,21,4,17,4,4,5,14,12,2,0,0,0,0,0,0,0,1,0,0,0,0,0,0,1,0,0,0,0,0,0,0,0,0,0,0,0,0,0,0,0,0,0,0,0,0,0,0,0,1,0,0,0,0,0,0,0,1,0,0,0,0,0,0,0
2011-01-12,340,15,3,12,0,4,4,11,14,48,4,22,0,2,7,27,22,17,1,13,0,4,4,6,7,5,0,1,0,0,0,1,3,23,4,17,4,4,5,14,12,1,0,0,0,0,0,0,0,1,0,0,0,0,0,0,0,0,0,2,0,0,0,0,0,0,0,0,0,0,0,0,0,0,0,0,0,0,0,0,0,2,0,1,0,0,0,1,1,2,0,1,0,0,0,1,1
2011-02-12,335,14,4,11,0,4,3,11,14,48,5,22,0,2,7,27,21,16,1,11,0,3,4,7,5,5,0,1,0,0,0,1,5,23,4,16,4,4,5,13,14,0,0,1,0,0,1,0,0,1,0,0,0,0,0,0,1,1,0,0,0,1,0,0,0,0,0,0,0,0,0,0,0,0,0,1,0,0,0,1,0,0,2,0,0,0,0,1,0,0,2,0,0,0,0,1,0
2011-03-12,344,17,4,11,0,3,4,10,13,48,5,22,0,2,7,28,22,20,1,11,0,3,2,10,7,3,0,1,0,0,0,1,5,25,4,16,4,3,4,13,15,0,0,1,0,1,0,0,0,0,0,0,0,0,0,0,0,0,0,0,0,0,0,0,0,0,0,0,0,0,0,0,0,0,0,1,0,1,1,0,0,6,0,1,0,0,1,2,1,4,0,1,0,0,1,2,1
2011-04-12,345,17,5,11,0,3,4,9,13,48,5,22,0,2,7,29,22,20,1,10,0,3,2,9,7,3,0,2,0,0,0,1,5,25,4,16,4,3,4,13,16,0,0,0,0,0,0,0,0,0,0,0,0,0,0,0,0,0,0,0,0,0,0,0,0,0,0,0,0,0,0,0,0,0,0,0,0,0,0,0,0,0,1,0,0,0,0,0,0,0,1,0,0,0,0,0,0
2011-05-12,347,18,5,12,0,3,4,9,14,48,5,22,0,1,7,29,22,22,1,8,0,3,2,11,7,2,0,3,0,0,0,1,5,25,4,16,3,3,3,13,16,0,0,0,0,0,0,0,0,1,0,0,0,1,0,0,0,0,0,1,0,0,0,0,0,1,0,0,0,0,0,0,0,0,0,0,1,0,1,0,0,2,0,1,0,0,0,2,1,2,0,1,0,0,0,2,1
2011-06-12,348,19,5,12,0,3,4,9,15,48,5,22,0,1,7,28,22,21,1,7,0,3,2,12,8,2,0,3,0,0,0,1,5,25,4,16,3,3,3,13,16,0,0,0,0,0,0,0,0,0,0,0,0,0,0,1,0,1,0,0,0,0,0,0,0,0,0,0,0,0,0,0,0,1,0,0,0,0,0,0,0,1,0,0,0,0,0,1,1,1,0,0,0,0,0,1,1
2011-07-12,346,22,5,11,0,3,4,9,14,48,5,21,0,1,7,28,23,22,1,6,0,3,2,11,8,2,0,3,0,0,0,1,5,25,4,16,1,3,3,13,16,1,0,1,0,0,0,0,0,0,0,1,0,0,0,0,0,1,0,0,0,0,0,1,0,0,0,1,0,0,0,0,0,0,0,0,2,0,0,0,0,3,0,0,0,0,0,0,0,2,0,0,0,0,0,0,0
2011-08-12,337,22,4,11,0,3,3,9,14,47,6,20,0,1,7,28,23,21,0,6,0,2,2,12,8,1,0,3,0,0,0,1,5,25,3,16,1,3,3,12,15,0,0,0,0,0,1,0,0,1,0,1,0,0,0,0,0,1,1,0,0,1,0,0,0,1,0,0,0,0,0,0,0,1,1,0,0,0,0,1,1,0,0,1,0,0,0,1,0,0,0,1,0,0,0,1,0
2011-09-12,343,22,5,15,0,3,3,10,14,46,5,19,0,1,7,28,23,22,1,9,0,2,2,11,8,1,0,3,0,0,0,1,5,26,3,16,1,2,3,12,14,1,0,0,0,0,0,0,0,1,1,1,0,0,0,0,0,0,0,0,0,0,0,0,0,0,0,0,0,0,0,0,0,0,0,0,0,1,0,0,1,1,1,5,0,0,0,1,0,1,1,3,0,0,0,1,0
2011-10-12,345,21,5,17,0,1,3,12,13,46,5,17,0,2,7,28,23,23,1,9,0,1,2,12,8,2,0,3,0,0,0,1,5,27,3,16,1,2,3,12,14,0,0,0,0,1,0,0,1,1,0,2,0,0,0,0,0,0,0,0,0,0,0,0,0,0,0,0,0,0,0,0,0,1,0,0,0,0,0,0,0,1,0,2,0,0,0,2,0,1,0,1,0,0,0,1,0
2011-11-12,340,22,5,18,0,1,3,10,13,44,5,17,0,1,7,29,23,21,1,9,0,1,2,12,7,2,0,3,0,0,0,1,5,26,2,16,1,2,3,13,15,0,0,0,0,0,0,1,0,2,0,0,0,1,0,1,0,1,0,0,0,0,0,0,1,0,0,0,0,0,0,0,0,1,1,0,0,0,0,0,0,1,0,1,0,0,0,1,0,1,0,1,0,0,0,1,0
2011-12-12,347,22,5,18,0,1,3,11,12,45,5,17,0,1,7,29,23,25,1,9,0,1,2,13,7,3,0,3,0,0,0,1,5,26,2,16,1,2,3,13,15,0,0,0,0,0,0,0,0,0,0,0,0,0,0,0,2,0,0,0,0,0,0,0,0,0,0,0,0,0,0,0,0,0,0,0,0,0,0,0,0,3,0,0,0,0,0,2,1,3,0,0,0,0,0,2,1
2012-01-12,353,25,5,18,0,1,3,11,13,45,5,17,0,1,7,29,23,25,1,9,0,1,2,13,9,3,0,3,0,0,0,1,5,25,2,16,1,2,3,14,15,1,0,0,0,0,0,0,1,0,0,0,0,0,0,0,0,1,0,0,0,0,0,0,1,0,0,0,0,0,0,0,0,0,0,0,0,0,0,0,0,4,0,0,0,0,0,0,4,3,0,0,0,0,0,0,2
2012-02-12,351,24,5,18,0,1,3,11,13,45,5,17,0,1,7,29,23,24,1,9,0,1,2,11,10,3,0,3,0,0,0,1,5,24,2,16,1,2,3,14,17,0,0,0,0,0,0,0,0,1,0,0,0,0,0,0,0,0,0,0,0,0,0,1,0,0,0,0,0,0,0,0,0,1,0,0,0,0,0,0,0,0,0,0,0,0,0,0,1,0,0,0,0,0,0,0,1
2012-03-12,347,23,5,16,0,1,2,10,13,46,5,19,0,1,7,30,23,24,1,8,0,1,2,11,9,4,0,3,0,0,0,1,5,24,2,15,1,2,3,14,16,0,0,0,0,0,0,0,0,0,0,0,0,0,1,0,0,2,0,0,0,0,0,0,1,0,0,1,0,0,0,0,0,0,0,1,0,0,0,0,1,2,0,0,0,0,0,0,0,2,0,0,0,0,0,0,0
2012-04-12,343,23,4,15,0,1,2,10,13,46,5,19,0,1,7,30,23,24,1,6,0,1,0,11,9,4,0,2,0,0,0,1,5,24,2,16,1,2,3,16,16,0,1,0,0,0,0,0,0,0,0,1,0,0,0,0,0,0,0,0,0,0,0,0,0,0,0,1,0,0,0,0,0,0,0,1,0,0,0,0,0,0,0,0,0,0,0,0,0,0,0,0,0,0,0,0,0
2012-05-12,341,22,4,15,0,0,2,9,13,45,5,19,0,1,7,32,23,25,1,7,0,1,1,11,8,4,0,1,0,0,0,1,6,24,2,16,1,1,3,16,15,0,0,0,0,1,0,0,0,2,0,0,0,0,0,0,0,0,0,0,0,0,0,0,0,0,0,1,0,0,0,0,0,1,0,0,0,1,0,0,0,1,0,1,0,0,1,1,0,1,0,1,0,0,1,1,0
2012-06-12,342,21,4,15,0,1,1,10,13,46,5,19,0,1,8,31,22,26,1,8,0,1,1,10,8,4,0,1,0,0,0,1,6,24,2,16,1,1,3,15,16,0,0,0,0,0,0,0,0,0,0,0,0,0,0,1,1,0,0,0,0,0,0,0,0,0,0,0,0,0,0,0,0,1,0,0,0,0,0,1,0,1,0,1,0,1,0,1,0,1,0,1,0,1,0,1,0
2012-07-12,340,19,4,14,0,1,1,9,13,46,5,21,0,1,8,31,21,26,1,10,0,1,1,10,8,4,0,1,0,0,0,0,6,24,2,16,1,1,3,14,17,1,0,0,0,0,0,1,0,1,0,0,0,0,0,0,1,0,0,0,0,0,0,0,0,0,0,0,0,0,0,0,0,0,0,0,0,0,0,1,0,0,0,2,0,0,0,0,0,0,0,1,0,0,0,0,0
2012-08-12,351,21,4,14,0,1,1,8,14,46,5,22,0,1,8,33,21,28,1,10,0,1,1,12,9,4,0,1,0,0,0,0,6,25,3,16,1,1,3,14,16,0,0,1,0,0,0,0,0,1,0,0,0,0,0,0,0,1,0,0,0,0,0,0,0,0,0,0,0,0,0,0,0,0,0,0,0,0,0,0,0,4,0,1,0,0,0,2,1,4,0,1,0,0,0,2,1
2012-09-12,350,22,5,13,0,1,2,8,11,43,5,23,0,1,8,33,23,28,2,9,0,1,1,11,9,4,0,1,0,0,0,0,7,25,3,16,1,1,3,14,16,0,0,0,0,0,0,0,0,3,0,0,0,0,0,0,1,1,0,0,0,0,0,1,0,0,0,1,0,0,0,0,0,0,0,0,0,0,0,0,0,1,1,0,0,0,1,0,1,1,1,0,0,0,1,0,1
2012-10-12,353,22,5,13,0,1,2,10,9,42,5,23,0,1,8,33,25,30,2,9,0,1,1,13,8,4,0,0,0,0,0,0,7,25,4,15,1,1,3,14,16,1,0,0,0,0,0,0,0,1,0,0,0,0,0,0,0,0,0,0,0,0,0,0,0,0,0,1,0,0,0,0,0,0,0,1,0,0,0,0,0,2,0,0,0,0,0,2,0,2,0,0,0,0,0,2,0
2012-11-12,344,20,5,12,0,1,2,10,7,45,5,23,0,1,8,32,23,27,2,9,0,1,1,14,8,4,0,0,0,0,0,0,7,25,5,14,1,1,3,13,15,0,0,0,0,0,0,0,1,0,0,1,0,0,0,1,3,2,0,0,0,0,0,0,0,0,0,0,0,0,0,0,0,1,0,1,0,0,0,1,1,1,0,1,0,0,0,1,0,1,0,1,0,0,0,1,0
2012-12-12,346,20,5,11,0,1,2,10,6,45,5,23,0,1,8,32,23,26,3,10,0,1,1,16,8,5,0,0,0,0,0,0,7,25,5,14,1,1,3,13,15,0,0,1,0,0,0,0,1,0,0,0,0,0,0,0,0,0,0,0,0,0,0,0,0,0,0,0,0,0,0,0,0,0,0,0,0,0,0,0,0,0,1,1,0,0,0,2,0,0,1,1,0,0,0,2,0
2013-01-12,341,21,6,9,0,1,2,10,5,42,4,24,0,1,8,32,24,25,3,10,0,1,1,17,7,6,0,0,0,0,0,0,7,25,5,12,1,1,3,13,15,0,0,1,0,0,0,0,0,3,1,0,0,0,0,1,0,1,0,1,0,0,0,0,1,0,0,0,0,0,0,0,0,0,0,2,0,0,0,0,0,1,1,1,0,0,0,2,0,1,1,1,0,0,0,2,0
2013-02-12,335,18,4,8,0,1,2,10,6,41,6,23,0,1,8,32,24,24,3,8,0,1,1,16,9,6,0,0,0,0,0,0,7,26,5,12,1,1,3,13,15,3,0,1,0,0,0,0,0,1,0,1,0,0,0,0,0,1,0,2,0,0,0,0,0,0,0,0,0,0,0,0,0,0,0,0,0,0,0,0,0,0,0,0,0,0,0,0,3,0,0,0,0,0,0,0,2
2013-03-12,336,17,4,8,0,1,2,10,7,42,6,23,0,1,9,32,23,24,3,7,0,1,1,13,8,6,0,0,0,0,0,0,7,28,6,13,1,1,3,13,16,0,0,0,0,0,0,0,0,1,0,0,0,0,0,0,1,2,0,1,0,0,0,0,0,0,0,0,0,0,0,0,0,0,0,0,0,0,0,0,0,2,0,0,0,0,1,0,1,2,0,0,0,0,1,0,1
2013-04-12,340,18,3,8,0,1,3,10,7,42,5,23,0,1,9,32,23,28,3,8,0,1,2,13,8,6,0,0,0,0,0,0,7,26,6,13,1,1,3,13,16,0,0,0,0,0,0,0,0,0,2,0,0,0,0,0,0,0,0,0,0,0,0,0,0,0,0,0,0,0,0,0,0,2,0,0,0,0,0,0,0,3,0,1,0,0,1,0,0,2,0,1,0,0,1,0,0
2013-05-12,345,19,3,9,0,1,3,10,7,42,5,24,0,1,9,31,24,30,3,8,0,1,2,12,8,6,0,0,0,0,0,0,7,26,6,13,1,2,3,13,16,0,0,0,0,0,0,0,0,1,0,0,0,0,0,1,0,1,0,0,0,0,0,0,0,0,0,0,0,0,0,0,0,1,0,0,0,0,0,0,0,5,0,2,0,0,0,0,1,4,0,1,0,0,0,0,1
2013-06-12,340,17,3,9,NA,1,4,9,6,43,5,23,NA,1,9,30,24,30,3,9,NA,1,2,10,8,6,0,0,NA,0,0,0,7,26,6,14,NA,2,3,13,16,1,0,0,NA,0,0,1,0,0,0,1,NA,0,0,1,1,0,0,0,NA,0,0,1,0,0,0,0,NA,0,0,0,0,0,0,0,NA,0,0,0,0,0,0,1,NA,0,1,0,0,0,0,1,NA,0,1,0,0
2013-07-12,344,15,3,9,NA,1,4,10,7,45,5,23,NA,1,9,30,24,32,2,10,NA,1,2,10,8,6,0,0,NA,0,0,0,7,24,6,15,NA,2,3,14,16,0,0,0,NA,0,0,0,0,0,0,0,NA,0,0,0,0,0,1,0,NA,0,0,0,0,0,0,0,NA,0,0,0,0,1,0,0,NA,0,0,0,0,2,0,1,NA,0,0,1,1,2,0,1,NA,0,0,1,1
2013-08-12,341,15,3,8,NA,1,4,11,7,44,5,23,NA,1,9,29,22,33,2,9,NA,1,2,12,8,6,0,1,NA,0,0,0,7,23,6,15,NA,2,2,14,16,0,0,1,NA,0,0,0,0,1,0,0,NA,0,0,1,2,0,0,0,NA,0,0,0,0,0,0,0,NA,0,0,0,0,1,0,0,NA,0,1,0,0,1,0,0,NA,0,0,2,0,1,0,0,NA,0,0,2,0
2013-09-12,342,16,2,7,NA,1,4,10,6,45,6,25,NA,1,9,30,22,32,2,7,NA,1,2,11,9,7,0,3,NA,0,0,0,7,22,6,15,NA,2,2,14,16,0,0,0,NA,0,0,1,1,0,0,0,NA,0,0,0,0,0,0,0,NA,0,0,1,0,0,0,0,NA,0,0,0,0,1,0,0,NA,0,0,0,0,1,0,1,NA,0,0,1,1,1,0,1,NA,0,0,1,1
2013-10-12,346,19,2,7,NA,1,4,9,6,43,6,26,NA,1,9,32,21,30,2,8,NA,0,2,12,11,7,0,3,NA,0,0,0,7,23,6,15,NA,2,2,15,15,0,0,0,NA,0,0,0,0,2,0,0,NA,0,0,0,1,0,0,0,NA,1,0,0,0,0,0,0,NA,0,0,0,0,0,0,1,NA,0,0,0,1,2,0,2,NA,0,0,2,1,1,0,2,NA,0,0,2,1
2013-11-12,347,18,2,7,NA,1,5,10,7,43,6,26,NA,1,9,31,21,29,2,9,NA,0,2,12,11,7,0,2,NA,0,0,0,7,23,6,14,NA,2,2,17,15,0,0,0,NA,0,0,0,0,1,0,1,NA,0,0,1,0,0,0,0,NA,0,0,0,0,0,0,0,NA,0,0,0,0,0,0,1,NA,0,0,0,0,0,0,1,NA,0,1,1,1,0,0,1,NA,0,1,1,1
2013-12-12,342,18,2,7,NA,1,5,10,7,44,6,26,NA,1,9,30,21,24,2,9,NA,0,2,9,11,9,0,2,NA,0,0,0,7,24,5,15,NA,2,2,17,15,0,0,0,NA,0,0,0,0,0,0,0,NA,0,0,1,0,1,0,1,NA,0,0,2,0,0,0,0,NA,0,0,0,0,0,1,0,NA,0,0,1,0,1,0,1,NA,0,0,0,0,1,0,1,NA,0,0,0,0
2014-01-12,341,18,2,7,NA,1,5,10,5,44,6,26,NA,1,8,30,23,25,2,11,NA,0,2,9,8,9,0,2,NA,0,0,0,7,26,5,16,NA,2,2,16,13,0,0,0,NA,0,0,0,0,2,0,0,NA,0,1,0,0,1,0,0,NA,0,0,0,0,0,0,0,NA,0,0,0,0,0,0,0,NA,0,0,1,2,2,0,1,NA,0,0,0,0,2,0,1,NA,0,0,0,0
2014-02-12,349,19,1,9,NA,1,4,11,6,43,6,26,NA,1,8,30,23,28,2,11,NA,0,2,10,10,9,0,2,NA,0,0,0,7,25,5,17,NA,2,2,16,13,0,1,0,NA,0,1,0,0,1,0,0,NA,0,0,0,0,0,0,0,NA,0,0,0,0,0,0,0,NA,0,0,0,0,1,0,0,NA,0,0,0,0,3,0,2,NA,0,0,1,3,2,0,2,NA,0,0,1,1
2014-03-12,343,20,1,9,NA,1,4,11,5,41,6,26,NA,1,8,30,23,25,2,11,NA,0,2,8,10,9,0,2,NA,0,0,0,7,25,5,17,NA,3,2,17,12,1,0,0,NA,0,0,0,1,2,0,0,NA,0,0,0,0,0,0,0,NA,0,0,2,1,1,0,0,NA,0,0,0,0,0,0,0,NA,0,0,0,1,2,0,0,NA,0,0,0,1,2,0,0,NA,0,0,0,1
2014-04-12,341,19,1,9,NA,1,3,12,5,41,6,26,NA,1,8,30,23,27,2,12,NA,0,2,8,10,8,0,2,NA,0,0,0,7,24,5,17,NA,3,1,16,12,1,0,0,NA,0,1,0,0,0,0,0,NA,0,0,0,0,0,0,0,NA,0,0,0,0,1,0,0,NA,0,0,0,0,1,0,0,NA,0,1,1,0,1,0,1,NA,0,0,1,0,1,0,1,NA,0,0,1,0
2014-05-12,339,17,1,9,NA,1,4,11,6,41,6,26,NA,1,8,30,22,26,2,11,NA,0,2,7,12,9,0,2,NA,0,0,0,7,26,5,16,NA,3,1,15,12,2,0,0,NA,0,0,0,0,0,0,0,NA,0,0,1,1,1,0,0,NA,0,0,1,0,0,0,0,NA,0,0,0,0,0,0,1,NA,0,0,1,0,1,0,0,NA,0,1,0,2,1,0,0,NA,0,1,0,2
2014-06-12,344,18,1,11,NA,0,4,12,6,41,6,26,NA,2,8,31,22,26,2,10,NA,0,2,9,12,9,0,2,NA,0,0,0,7,25,5,16,NA,3,1,15,12,0,0,0,NA,0,0,0,0,0,0,0,NA,0,0,0,0,0,0,1,NA,0,0,0,0,0,0,0,NA,0,0,0,0,1,0,0,NA,0,0,0,0,1,0,1,NA,0,0,3,0,1,0,1,NA,0,0,2,0
2014-07-12,345,19,1,11,NA,0,4,12,6,41,6,26,NA,2,8,31,22,26,2,10,NA,0,2,9,12,9,0,2,NA,0,0,0,7,25,5,16,NA,3,1,15,12,0,0,0,NA,0,0,0,0,0,0,0,NA,0,0,0,0,1,0,0,NA,0,0,0,0,0,0,0,NA,0,0,0,0,0,0,0,NA,0,0,0,0,1,0,0,NA,0,0,0,0,1,0,0,NA,0,0,0,0
2014-08-12,346,19,1,10,NA,0,4,11,5,42,6,28,NA,2,7,32,23,23,2,12,NA,0,2,7,11,9,0,2,NA,0,0,1,8,24,5,19,NA,3,1,16,11,1,0,1,NA,0,0,0,0,0,0,0,NA,0,1,0,0,0,0,0,NA,0,0,1,0,0,0,0,NA,0,0,0,0,0,0,0,NA,0,0,0,1,1,0,2,NA,0,0,0,0,1,0,2,NA,0,0,0,0
2014-09-12,341,19,1,8,NA,0,3,11,5,41,7,27,NA,2,8,31,22,22,1,13,NA,0,2,7,10,9,0,2,NA,0,0,1,8,26,5,19,NA,3,1,16,11,1,0,2,NA,0,0,0,0,1,0,1,NA,0,0,1,1,1,0,0,NA,0,0,0,0,0,0,0,NA,0,0,0,0,0,0,0,NA,0,0,0,0,1,1,1,NA,0,0,0,0,1,1,1,NA,0,0,0,0
2014-10-12,336,17,1,8,NA,0,3,11,5,41,7,26,NA,2,8,31,22,22,1,13,NA,0,2,6,10,8,0,2,NA,0,0,1,7,26,5,20,NA,3,1,16,11,1,0,0,NA,0,0,0,0,1,0,1,NA,0,0,1,0,0,0,0,NA,0,0,0,0,1,0,0,NA,0,0,0,1,0,0,0,NA,0,0,0,0,0,0,0,NA,0,0,1,0,0,0,0,NA,0,0,1,0
2014-11-12,338,18,1,9,NA,0,3,11,6,41,7,25,NA,2,8,31,22,23,1,13,NA,0,2,5,9,8,0,3,NA,0,0,1,7,27,5,20,NA,3,1,15,11,0,0,0,NA,0,0,0,0,0,0,1,NA,0,0,0,0,0,0,0,NA,0,0,0,1,0,0,0,NA,0,0,0,0,0,0,0,NA,0,0,1,0,1,0,1,NA,0,0,0,1,1,0,1,NA,0,0,0,1
2014-12-12,335,19,2,9,NA,0,3,11,6,39,7,25,NA,1,7,31,21,23,0,13,NA,0,2,5,9,8,0,3,NA,0,0,1,7,28,5,19,NA,3,1,16,11,0,0,0,NA,0,0,0,0,2,0,0,NA,1,1,0,1,0,0,0,NA,0,0,0,0,0,0,0,NA,0,0,0,0,0,0,1,NA,0,0,0,0,1,1,1,NA,0,0,0,0,1,1,1,NA,0,0,0,0
2015-01-12,340,20,3,10,NA,0,3,11,7,38,7,25,NA,1,7,32,21,23,1,13,NA,0,2,5,9,7,0,4,NA,0,0,1,7,27,5,20,NA,3,1,16,11,0,0,0,NA,0,0,0,0,1,0,0,NA,0,0,0,0,0,0,1,NA,0,0,0,1,0,0,0,NA,0,0,0,0,1,0,0,NA,0,0,0,0,1,1,2,NA,0,0,1,2,1,1,2,NA,0,0,1,2
2015-02-12,342,19,5,10,NA,0,3,13,7,38,7,25,NA,1,7,31,19,25,1,13,NA,0,2,6,8,7,0,4,NA,0,0,1,7,28,5,20,NA,3,1,15,11,1,0,0,NA,0,0,0,0,0,0,0,NA,0,0,1,2,0,0,0,NA,0,0,0,0,0,0,0,NA,0,0,0,0,0,0,0,NA,0,0,1,0,2,1,0,NA,0,0,2,0,2,1,0,NA,0,0,2,0
2015-03-12,337,19,5,10,NA,0,4,13,6,39,7,24,NA,1,7,31,20,22,1,12,NA,0,2,6,7,8,0,4,NA,0,0,1,7,26,5,20,NA,3,1,14,12,0,0,0,NA,0,0,0,0,0,0,1,NA,0,0,0,0,0,0,1,NA,0,0,0,1,1,0,0,NA,0,0,0,0,2,0,0,NA,0,0,1,0,1,0,0,NA,0,1,0,0,1,0,0,NA,0,1,0,0
2015-04-12,337,19,5,10,NA,0,3,13,7,39,7,24,NA,1,8,31,20,17,1,13,NA,0,1,8,7,8,0,4,NA,0,0,1,7,25,5,20,NA,4,1,16,12,0,0,0,NA,0,0,0,0,0,0,0,NA,0,0,0,0,1,0,0,NA,0,1,0,0,1,0,0,NA,0,0,0,0,1,0,0,NA,0,0,0,1,0,0,1,NA,0,1,2,1,0,0,1,NA,0,1,2,1
2015-05-12,334,20,5,9,NA,0,3,13,9,40,7,23,NA,1,8,31,20,15,1,12,NA,0,1,8,7,9,0,4,NA,0,0,1,6,25,5,19,NA,4,1,15,12,0,0,0,NA,0,0,0,0,1,0,2,NA,0,0,0,0,0,0,1,NA,0,0,0,0,1,0,0,NA,0,0,0,1,0,0,1,NA,0,0,1,0,2,0,0,NA,0,0,0,2,2,0,0,NA,0,0,0,2
2015-06-12,331,21,6,10,NA,0,3,13,10,39,7,22,NA,1,7,30,20,15,1,11,NA,0,1,9,6,8,0,4,NA,0,0,0,5,26,5,19,NA,4,1,15,12,0,0,0,NA,0,0,0,0,1,0,1,NA,0,1,1,0,0,0,1,NA,0,0,0,1,1,0,0,NA,0,0,1,0,0,0,0,NA,0,0,0,0,1,1,1,NA,0,0,1,1,1,1,1,NA,0,0,1,1
2015-07-12,328,22,7,10,NA,0,3,11,9,38,7,22,NA,1,7,29,21,12,1,9,NA,0,1,10,6,11,0,5,NA,0,0,0,5,26,5,19,NA,4,0,15,12,0,0,0,NA,0,0,1,0,1,0,0,NA,0,0,2,0,1,0,1,NA,0,0,1,0,0,0,0,NA,0,0,0,0,0,0,0,NA,0,1,0,0,1,1,0,NA,0,0,1,0,1,1,0,NA,0,0,1,0
2015-08-12,332,22,8,11,NA,0,3,10,12,37,7,22,NA,1,7,30,19,11,2,9,NA,0,1,10,7,12,0,4,NA,0,0,0,5,27,5,19,NA,4,0,15,12,0,0,0,NA,0,0,0,0,1,0,0,NA,0,0,0,2,0,0,1,NA,0,0,0,0,0,0,0,NA,0,0,0,0,0,0,0,NA,0,0,0,0,0,2,1,NA,0,0,0,3,0,1,1,NA,0,0,0,2
2015-09-12,329,22,8,10,NA,0,3,8,12,37,7,23,NA,1,7,30,18,12,2,9,NA,0,1,9,8,10,0,4,NA,0,0,0,5,27,5,19,NA,4,0,16,12,1,0,0,NA,0,0,1,0,1,0,0,NA,0,0,1,1,0,0,1,NA,0,0,1,0,1,0,0,NA,0,0,0,0,0,0,0,NA,0,0,0,0,2,0,1,NA,0,0,0,1,2,0,1,NA,0,0,0,1
2015-10-12,327,20,8,12,NA,0,2,8,12,39,7,24,NA,1,7,30,17,12,2,7,NA,0,3,6,6,8,0,4,NA,0,0,0,6,27,6,17,NA,4,1,16,15,0,0,1,NA,0,1,0,0,0,0,0,NA,0,0,1,1,0,0,1,NA,0,0,1,1,1,0,0,NA,0,0,0,0,0,0,2,NA,0,0,0,0,0,0,3,NA,0,1,1,1,0,0,2,NA,0,1,1,1
2015-11-12,327,22,8,13,NA,0,3,7,11,39,7,24,NA,1,7,31,18,11,1,7,NA,0,3,6,6,8,0,4,NA,0,0,0,6,26,6,16,NA,4,1,16,15,0,0,0,NA,0,0,0,0,0,0,0,NA,0,0,0,0,1,1,0,NA,0,0,0,0,0,0,0,NA,0,0,0,0,1,0,1,NA,0,0,0,0,2,0,1,NA,0,1,0,0,2,0,1,NA,0,1,0,0
2015-12-12,327,22,8,13,NA,0,2,7,11,40,7,24,NA,1,7,31,17,12,1,5,NA,0,3,7,6,8,0,5,NA,0,0,0,6,25,6,16,NA,4,1,17,15,0,0,0,NA,0,1,0,0,0,0,0,NA,0,0,0,1,1,0,1,NA,0,0,0,0,0,0,0,NA,0,0,0,0,0,0,0,NA,0,0,0,0,2,0,0,NA,0,0,1,0,1,0,0,NA,0,0,1,0
2016-01-12,329,25,9,13,NA,0,2,7,11,39,7,23,NA,1,7,30,17,12,2,5,NA,1,5,7,6,8,0,4,NA,0,0,0,6,24,6,14,NA,4,1,17,16,0,0,0,NA,0,0,0,1,1,0,1,NA,0,0,1,0,0,0,0,NA,0,0,0,0,0,0,1,NA,0,0,0,0,2,0,1,NA,0,0,1,0,2,1,1,NA,1,1,0,1,2,1,1,NA,1,1,0,1
2016-02-12,333,23,9,14,NA,0,2,6,10,40,7,23,NA,1,7,30,18,14,2,6,NA,1,5,9,5,8,0,4,NA,0,0,0,5,24,6,15,NA,4,1,18,16,1,0,0,NA,0,0,1,0,0,0,1,NA,0,0,1,0,0,0,0,NA,0,0,0,1,0,0,0,NA,0,0,0,1,0,0,0,NA,0,0,0,0,2,0,3,NA,0,0,3,0,2,0,3,NA,0,0,2,0
2016-03-12,327,20,8,13,NA,0,2,6,10,42,7,23,NA,1,7,28,18,14,2,5,NA,1,5,9,4,8,0,4,NA,0,0,0,6,24,6,15,NA,4,1,18,16,1,1,1,NA,0,0,0,0,0,0,0,NA,0,0,2,0,0,0,1,NA,0,0,0,0,0,0,0,NA,0,0,0,0,0,0,0,NA,0,0,0,0,0,0,0,NA,0,0,0,0,0,0,0,NA,0,0,0,0
2016-04-12,325,22,8,14,NA,0,4,5,10,40,7,22,NA,0,7,29,18,11,2,4,NA,1,5,8,4,7,0,4,NA,0,0,0,6,24,6,15,NA,4,1,19,18,0,0,1,NA,0,0,0,0,2,0,1,NA,1,0,0,0,1,0,1,NA,0,0,1,0,0,0,0,NA,0,0,0,0,0,0,0,NA,0,0,0,0,1,0,2,NA,0,1,0,0,1,0,2,NA,0,1,0,0
2016-05-12,324,23,8,14,NA,0,4,6,9,39,7,21,NA,0,7,29,19,11,2,4,NA,1,3,9,3,8,0,4,NA,0,0,0,6,24,6,16,NA,4,1,19,17,0,0,0,NA,0,0,0,0,1,0,1,NA,0,0,0,0,0,0,0,NA,0,2,0,0,0,0,0,NA,0,0,0,0,0,0,0,NA,0,0,0,1,2,0,0,NA,0,0,1,0,1,0,0,NA,0,0,1,0
2016-06-12,328,23,8,14,NA,0,4,5,9,40,7,22,NA,0,7,30,19,12,2,3,NA,1,3,10,4,8,0,4,NA,0,0,0,5,25,6,16,NA,4,1,19,17,1,0,0,NA,0,0,0,0,0,0,0,NA,0,0,0,0,0,0,1,NA,0,0,0,0,0,0,0,NA,0,0,0,0,0,0,0,NA,0,0,0,0,3,0,1,NA,0,0,1,1,3,0,1,NA,0,0,1,1
2016-07-12,326,22,8,14,NA,0,4,5,9,41,7,22,NA,0,7,30,19,11,2,3,NA,1,3,10,5,8,0,3,NA,0,0,0,5,24,6,16,NA,4,1,19,17,0,0,0,NA,0,0,0,1,0,0,0,NA,0,0,0,0,0,0,0,NA,0,0,0,0,0,0,1,NA,0,0,0,0,1,0,1,NA,0,0,0,0,0,0,0,NA,0,0,0,2,0,0,0,NA,0,0,0,2
2016-08-12,331,19,8,12,NA,0,4,5,9,43,7,24,NA,0,7,30,19,14,3,5,NA,1,3,10,7,7,0,3,NA,0,0,0,5,24,6,15,NA,3,1,19,18,2,1,0,NA,0,0,0,0,0,0,0,NA,0,0,0,0,0,0,0,NA,0,0,0,0,1,0,0,NA,0,0,0,0,0,0,0,NA,0,0,1,0,3,1,1,NA,0,0,0,1,3,1,1,NA,0,0,0,1
2016-09-12,332,19,7,12,NA,0,4,5,9,44,8,24,NA,0,7,30,19,15,3,5,NA,1,3,9,7,7,0,3,NA,0,0,0,5,24,6,15,NA,3,1,19,18,0,0,0,NA,0,0,0,0,0,0,0,NA,0,0,0,0,0,0,0,NA,0,0,1,0,0,0,0,NA,0,0,0,0,0,0,0,NA,0,0,0,0,1,0,0,NA,0,0,0,0,1,0,0,NA,0,0,0,0
2016-10-12,332,17,7,12,NA,0,4,6,9,44,8,23,NA,0,7,30,19,15,3,6,NA,1,3,11,7,7,0,3,NA,0,0,0,5,24,6,15,NA,3,1,19,17,2,0,1,NA,0,0,0,0,0,0,1,NA,0,0,0,0,0,0,0,NA,0,0,0,0,0,0,0,NA,0,0,0,0,0,0,0,NA,0,0,0,1,0,0,2,NA,0,0,2,0,0,0,2,NA,0,0,1,0
2016-11-12,332,18,7,11,NA,0,4,6,8,43,8,24,NA,0,7,30,19,15,3,5,NA,1,3,11,7,7,0,4,NA,0,0,0,5,24,6,15,NA,3,1,20,17,1,0,0,NA,0,0,0,0,1,0,0,NA,0,0,0,1,0,0,0,NA,0,0,0,0,0,0,0,NA,0,0,0,0,0,0,0,NA,0,0,0,0,3,0,0,NA,0,0,0,0,3,0,0,NA,0,0,0,0
2016-12-12,337,17,6,11,NA,0,5,7,8,44,9,24,NA,0,7,30,19,16,3,6,NA,1,4,12,7,7,0,4,NA,0,0,0,5,23,6,15,NA,3,1,20,17,1,0,0,NA,0,0,0,0,0,0,0,NA,0,0,0,0,1,0,0,NA,0,0,0,0,0,0,0,NA,0,0,0,0,1,0,0,NA,0,0,0,0,2,0,1,NA,0,1,1,0,2,0,1,NA,0,1,1,0
2017-01-12,334,18,5,10,NA,0,5,6,7,42,10,25,NA,0,6,31,20,16,5,7,NA,1,4,12,6,7,0,4,NA,0,0,0,5,21,6,16,NA,3,1,19,16,0,0,0,NA,0,0,0,0,2,0,0,NA,0,1,0,0,0,0,0,NA,0,0,1,0,0,0,0,NA,0,0,0,0,2,0,0,NA,0,0,1,1,1,1,1,NA,0,0,1,0,1,1,1,NA,0,0,1,0
2017-02-12,334,18,4,12,NA,0,5,5,7,42,11,24,NA,0,6,31,20,16,6,6,NA,1,4,13,5,7,0,4,NA,0,0,1,5,21,6,15,NA,3,1,19,16,0,0,0,NA,0,0,0,0,0,0,1,NA,0,0,1,0,0,0,1,NA,0,0,0,1,0,0,0,NA,0,0,0,0,0,0,1,NA,0,0,0,0,0,1,2,NA,0,0,1,0,0,1,2,NA,0,0,1,0
2017-03-12,330,17,4,14,NA,0,4,5,7,41,11,23,NA,0,7,31,19,17,6,6,NA,1,4,13,5,7,0,4,NA,0,0,1,5,19,6,14,NA,3,1,19,16,1,0,0,NA,0,0,0,0,1,0,1,NA,0,0,0,1,0,0,0,NA,0,0,0,0,0,0,0,NA,0,0,0,0,2,0,1,NA,0,0,0,0,1,0,1,NA,0,0,0,0,1,0,1,NA,0,0,0,0
2017-04-12,332,17,4,14,NA,0,4,7,7,41,11,22,NA,0,7,31,18,16,7,9,NA,1,3,13,4,7,0,4,NA,0,0,1,5,20,6,14,NA,3,1,19,16,0,0,0,NA,0,0,0,0,0,0,1,NA,0,0,0,1,1,0,0,NA,0,0,0,1,0,0,0,NA,0,0,0,0,0,0,0,NA,0,0,0,0,0,1,2,NA,0,0,2,0,0,1,2,NA,0,0,2,0
2017-05-12,331,16,4,16,NA,0,4,9,5,40,11,22,NA,0,6,30,19,15,7,12,NA,1,3,13,4,7,0,4,NA,0,0,1,5,19,6,14,NA,3,1,19,15,1,0,0,NA,0,0,0,0,2,0,0,NA,0,1,1,1,2,0,0,NA,0,0,0,0,0,0,0,NA,0,0,0,0,1,0,0,NA,0,0,0,1,1,0,3,NA,0,0,1,0,1,0,3,NA,0,0,1,0
2017-06-12,332,16,3,16,NA,0,4,9,5,40,12,22,NA,0,6,30,18,17,7,11,NA,1,2,14,6,7,0,4,NA,0,0,1,5,18,6,14,NA,3,1,19,15,0,0,0,NA,0,0,0,0,0,0,0,NA,0,0,0,1,0,0,1,NA,0,1,0,0,0,0,0,NA,0,0,0,0,1,0,0,NA,0,0,0,0,1,0,0,NA,0,0,1,1,1,0,0,NA,0,0,1,1
2017-07-12,338,17,3,16,NA,0,4,9,5,39,12,21,NA,0,6,30,18,19,7,14,NA,1,4,12,6,7,0,3,NA,0,0,2,5,19,6,15,NA,3,1,19,15,1,0,1,NA,0,0,0,0,1,0,1,NA,0,0,0,0,0,0,0,NA,0,0,1,0,0,0,0,NA,0,0,0,0,0,0,0,NA,0,0,1,0,4,0,2,NA,0,1,1,0,3,0,2,NA,0,1,1,0
2017-08-12,331,17,2,16,NA,0,4,9,2,38,13,20,NA,0,5,29,20,20,6,13,NA,1,4,12,6,7,0,3,NA,0,0,2,5,18,6,15,NA,3,1,20,14,0,0,0,NA,0,0,0,0,1,0,1,NA,0,1,1,1,0,0,1,NA,0,0,0,0,0,0,0,NA,0,0,0,0,1,0,0,NA,0,0,0,1,1,0,0,NA,0,0,0,0,1,0,0,NA,0,0,0,0
2017-09-12,340,18,2,16,NA,0,4,9,5,39,13,20,NA,0,5,29,20,21,8,13,NA,1,4,14,6,7,0,3,NA,0,0,2,4,19,6,15,NA,3,1,20,13,0,0,0,NA,0,0,0,0,0,0,0,NA,0,0,0,0,0,0,1,NA,0,0,0,0,0,0,0,NA,0,0,0,1,0,0,0,NA,0,0,0,1,2,1,1,NA,0,0,2,2,2,1,1,NA,0,0,2,2
2017-10-12,337,17,2,13,NA,0,4,9,5,39,13,21,NA,0,5,30,20,21,8,12,NA,1,4,14,5,6,0,3,NA,0,0,2,4,19,6,15,NA,3,1,22,13,1,0,1,NA,0,0,0,0,0,0,1,NA,0,0,0,0,0,0,1,NA,0,0,0,0,0,0,0,NA,0,0,0,0,0,0,0,NA,0,0,0,0,0,0,0,NA,0,0,1,0,0,0,0,NA,0,0,1,0
2017-11-12,327,16,2,11,NA,0,3,9,5,40,13,21,NA,0,6,28,18,22,8,12,NA,1,5,14,5,6,0,2,NA,0,0,1,4,18,5,14,NA,3,1,21,13,1,0,1,NA,0,0,0,0,0,0,1,NA,0,0,2,2,0,0,0,NA,0,0,0,0,0,0,1,NA,0,0,1,0,1,1,1,NA,0,0,1,0,2,0,0,NA,0,1,0,0,2,0,0,NA,0,1,0,0
2017-12-12,326,17,2,10,NA,0,3,10,5,41,12,21,NA,0,6,28,18,20,7,11,NA,1,5,13,5,6,0,2,NA,0,0,1,4,18,5,15,NA,3,2,21,14,0,0,1,NA,0,0,0,0,0,1,0,NA,0,0,0,0,0,1,1,NA,0,0,0,0,0,0,0,NA,0,0,0,0,0,0,0,NA,0,0,0,0,1,0,0,NA,0,0,1,0,1,0,0,NA,0,0,1,0
2018-01-12,326,15,1,10,NA,0,3,10,4,43,13,21,NA,0,6,28,19,19,6,9,NA,0,4,12,8,7,0,2,NA,0,0,1,4,18,5,15,NA,3,2,21,17,0,1,0,NA,0,0,0,0,0,0,0,NA,0,0,0,0,0,0,2,NA,0,0,1,0,0,0,0,NA,0,0,0,0,0,0,0,NA,0,0,0,0,0,1,0,NA,0,0,0,2,0,1,0,NA,0,0,0,2
2018-02-12,329,16,1,9,NA,0,3,10,4,41,13,23,NA,0,6,29,19,17,6,8,NA,0,4,11,8,7,0,2,NA,0,0,1,4,18,5,18,NA,3,2,24,17,0,0,0,NA,0,0,0,0,2,0,0,NA,0,0,0,0,0,0,0,NA,0,0,0,0,0,0,0,NA,0,0,0,0,0,0,0,NA,0,0,0,0,1,0,1,NA,0,0,2,0,1,0,1,NA,0,0,1,0
2018-03-12,334,17,1,8,NA,0,3,10,5,41,13,23,NA,0,6,29,19,20,6,11,NA,0,4,11,8,7,0,2,NA,0,0,1,4,18,5,16,NA,3,2,24,17,0,0,1,NA,0,0,0,0,0,0,0,NA,0,0,0,0,0,0,0,NA,0,0,0,1,0,0,0,NA,0,0,0,0,0,0,2,NA,0,0,0,0,3,0,2,NA,0,0,0,2,3,0,2,NA,0,0,0,1
2018-04-12,334,16,1,7,NA,0,1,10,5,43,13,24,NA,0,8,29,19,19,6,11,NA,0,4,11,8,7,0,2,NA,0,0,1,4,18,5,16,NA,3,2,24,17,0,0,0,NA,0,0,0,0,0,0,0,NA,0,0,0,0,1,0,0,NA,0,0,0,0,0,0,0,NA,0,0,0,0,0,0,0,NA,0,0,0,0,1,0,0,NA,0,0,0,0,1,0,0,NA,0,0,0,0
2018-05-12,332,18,2,7,NA,0,1,9,5,42,13,22,NA,0,7,30,19,19,6,12,NA,0,3,10,8,7,0,2,NA,0,0,1,4,18,5,16,NA,3,2,24,17,0,0,0,NA,0,0,0,0,1,0,2,NA,0,1,0,0,0,0,0,NA,0,1,1,0,0,0,0,NA,0,0,0,0,0,0,0,NA,0,0,0,0,1,1,1,NA,0,0,0,0,1,1,1,NA,0,0,0,0
2018-06-12,340,19,3,7,NA,0,1,9,6,43,13,22,NA,0,7,30,19,23,6,12,NA,0,3,9,8,7,0,2,NA,0,0,2,5,18,5,15,NA,3,2,24,17,0,0,0,NA,0,0,0,0,0,0,0,NA,0,0,0,0,0,0,0,NA,0,0,0,0,0,0,0,NA,0,0,0,0,0,0,1,NA,0,0,0,0,4,1,0,NA,0,0,0,2,3,1,0,NA,0,0,0,1
2018-07-12,342,19,3,7,NA,0,1,10,5,42,13,22,NA,0,7,30,20,25,6,14,NA,0,2,10,8,7,0,2,NA,0,0,2,4,18,5,15,NA,3,2,24,16,0,0,1,NA,0,0,0,0,1,0,0,NA,0,0,0,0,0,0,0,NA,0,1,0,0,0,0,0,NA,0,0,0,1,0,0,0,NA,0,0,0,1,2,0,2,NA,0,0,1,0,1,0,2,NA,0,0,1,0
2018-08-12,340,18,3,9,NA,0,1,10,5,42,12,22,NA,0,7,29,20,23,5,13,NA,0,2,10,7,7,0,2,NA,0,0,2,4,20,5,16,NA,3,3,24,16,1,0,0,NA,0,0,0,0,0,1,0,NA,0,0,1,0,0,0,2,NA,0,0,0,0,0,0,0,NA,0,0,0,0,0,0,0,NA,0,0,0,0,0,0,2,NA,0,0,0,0,0,0,2,NA,0,0,0,0
2018-09-12,336,17,3,8,NA,0,1,11,5,42,12,21,NA,0,7,29,20,23,5,13,NA,0,2,10,9,6,0,2,NA,0,0,2,3,19,5,16,NA,3,4,24,14,0,0,1,NA,0,0,0,0,1,0,1,NA,0,0,0,0,0,0,0,NA,0,0,0,0,2,0,0,NA,0,0,0,1,1,0,0,NA,0,0,0,1,1,0,0,NA,0,0,1,2,1,0,0,NA,0,0,1,2
2018-10-12,337,22,3,6,NA,0,1,10,5,42,11,22,NA,0,7,29,20,25,5,10,NA,0,2,9,9,5,0,2,NA,0,0,3,2,20,6,16,NA,3,4,24,14,0,0,1,NA,0,0,0,0,0,1,0,NA,0,0,1,0,1,0,3,NA,0,0,0,0,0,0,0,NA,0,0,0,1,0,0,0,NA,0,0,0,0,4,0,1,NA,0,0,0,0,3,0,1,NA,0,0,0,0
2018-11-12,335,20,3,6,NA,0,1,10,6,42,11,21,NA,0,7,29,20,24,5,11,NA,0,2,9,9,6,0,2,NA,0,0,3,2,19,6,16,NA,3,4,24,14,0,0,0,NA,0,0,0,0,2,0,1,NA,0,0,0,0,1,0,0,NA,0,0,0,1,0,0,0,NA,0,0,0,0,1,0,0,NA,0,0,0,0,1,0,1,NA,0,0,0,2,1,0,1,NA,0,0,0,1
2018-12-12,334,19,5,6,NA,0,0,10,6,42,11,21,NA,0,8,30,20,21,6,11,NA,0,1,7,9,6,0,2,NA,0,0,4,2,20,6,16,NA,3,4,24,14,0,0,1,NA,0,0,0,0,1,0,0,NA,0,0,0,0,2,0,0,NA,0,0,1,0,0,0,0,NA,0,0,0,0,0,0,1,NA,0,0,0,0,0,3,1,NA,0,0,1,0,0,3,1,NA,0,0,1,0
2019-01-12,328,19,4,6,NA,0,1,10,6,42,11,21,NA,0,7,29,19,20,6,11,NA,0,1,6,9,6,1,2,NA,0,0,4,2,19,7,15,NA,3,4,22,15,0,1,0,NA,0,0,0,0,0,0,0,NA,0,1,1,1,1,0,0,NA,0,0,0,0,0,0,0,NA,0,0,0,0,1,0,1,NA,0,0,1,0,0,1,0,NA,0,1,0,0,0,1,0,NA,0,1,0,0
2019-02-12,325,18,4,4,NA,0,1,11,6,42,11,23,NA,0,6,29,19,20,5,11,NA,0,1,5,9,6,1,2,NA,0,0,4,2,20,7,13,NA,3,4,22,16,1,0,0,NA,0,0,0,0,0,0,0,NA,0,1,0,0,0,0,1,NA,0,0,0,0,0,0,0,NA,0,0,0,0,0,0,2,NA,0,0,0,0,0,0,1,NA,0,0,1,0,0,0,1,NA,0,0,1,0
2019-03-12,322,18,4,5,NA,0,1,11,6,41,11,23,NA,0,6,29,18,20,6,10,NA,0,1,5,8,6,1,2,NA,0,0,4,2,20,7,13,NA,2,4,22,16,0,0,0,NA,0,0,0,0,1,0,0,NA,0,0,0,1,0,0,1,NA,0,0,0,1,0,0,0,NA,0,0,0,0,0,0,1,NA,1,0,0,0,1,1,1,NA,0,0,0,0,1,1,1,NA,0,0,0,0
2019-04-12,321,19,4,6,NA,0,1,9,5,39,11,23,NA,0,6,31,18,20,5,11,NA,0,1,5,8,6,1,2,NA,0,0,4,2,21,7,13,NA,2,4,21,16,0,0,0,NA,0,0,0,1,2,0,0,NA,0,0,0,0,0,0,0,NA,0,0,0,0,0,0,0,NA,0,0,0,0,0,0,0,NA,0,0,1,0,1,0,2,NA,0,0,0,0,1,0,2,NA,0,0,0,0
2019-05-12,319,19,4,6,NA,0,1,8,5,39,10,22,NA,0,6,32,18,20,6,12,NA,0,1,3,10,6,1,2,NA,0,0,4,1,22,7,13,NA,2,4,20,15,0,0,0,NA,0,0,0,0,0,1,1,NA,0,0,1,0,0,0,1,NA,0,0,2,0,0,0,0,NA,0,0,0,1,0,0,0,NA,0,0,1,1,0,1,2,NA,0,0,1,1,0,1,2,NA,0,0,1,1
2019-06-12,324,22,4,6,NA,0,1,8,5,39,9,22,NA,0,6,31,18,18,6,15,NA,0,1,3,9,7,1,2,NA,0,0,4,1,24,7,13,NA,2,4,21,15,0,0,0,NA,0,0,0,0,0,1,0,NA,0,0,1,0,0,0,0,NA,0,0,0,0,0,0,0,NA,0,0,0,0,0,0,0,NA,0,0,0,0,2,0,2,NA,0,0,0,1,2,0,2,NA,0,0,0,1
2019-07-12,326,21,4,6,NA,0,2,9,5,41,9,22,NA,0,6,31,18,16,6,14,NA,0,1,2,9,7,1,2,NA,0,0,3,1,26,8,15,NA,2,4,21,14,1,0,0,NA,0,0,0,0,0,0,0,NA,0,0,0,0,1,0,0,NA,0,0,0,0,0,0,1,NA,0,0,0,0,0,0,0,NA,0,0,0,1,2,0,0,NA,0,1,1,0,2,0,0,NA,0,1,1,0
2019-08-12,324,21,4,6,NA,0,2,9,5,40,8,22,NA,0,6,31,18,15,6,14,NA,0,1,2,9,8,1,2,NA,0,0,3,1,26,8,15,NA,2,4,21,14,0,0,0,NA,0,0,0,0,1,1,0,NA,0,0,0,0,0,0,0,NA,0,0,0,0,0,0,0,NA,0,0,0,0,0,0,0,NA,0,0,0,0,0,0,0,NA,0,0,0,0,0,0,0,NA,0,0,0,0
2019-09-12,327,18,4,7,NA,0,2,9,5,41,8,21,NA,0,6,31,20,17,4,15,NA,0,1,3,9,8,2,2,NA,0,0,4,1,25,8,16,NA,2,4,21,13,2,0,0,NA,0,0,0,0,0,0,1,NA,0,0,0,0,0,0,0,NA,0,0,0,0,0,0,0,NA,0,0,0,0,1,0,0,NA,0,0,0,1,1,0,2,NA,0,0,1,2,1,0,2,NA,0,0,1,2
2019-10-12,322,19,4,6,NA,0,2,8,5,41,7,21,NA,0,6,31,20,18,4,14,NA,0,1,3,9,7,2,2,NA,0,0,4,1,24,8,15,NA,2,4,20,14,0,0,1,NA,0,0,0,0,0,1,0,NA,0,0,1,0,0,0,1,NA,0,0,0,0,1,0,0,NA,0,0,0,0,0,0,1,NA,0,0,1,0,2,0,0,NA,0,0,0,0,2,0,0,NA,0,0,0,0
2019-11-12,320,18,4,6,NA,0,2,10,5,41,7,20,NA,0,6,31,19,18,4,13,NA,0,1,3,10,7,2,2,NA,0,0,4,1,24,8,14,NA,3,4,19,14,1,0,0,NA,0,0,0,0,1,0,1,NA,0,0,0,1,0,0,1,NA,0,0,0,0,0,0,0,NA,0,0,0,0,0,0,1,NA,0,0,1,0,1,0,0,NA,0,0,1,1,1,0,0,NA,0,0,1,1
2019-12-12,317,17,3,6,NA,0,2,10,6,41,6,20,NA,0,5,32,19,19,4,12,NA,0,1,3,13,7,2,2,NA,0,0,4,1,24,8,14,NA,3,3,19,11,0,1,0,NA,0,0,0,0,1,1,0,NA,0,1,0,0,0,0,1,NA,0,0,0,0,0,0,0,NA,0,0,0,0,0,0,0,NA,0,1,0,3,1,0,0,NA,0,0,1,2,1,0,0,NA,0,0,1,1
2020-01-12,317,18,4,7,NA,0,2,11,6,41,7,20,NA,0,5,32,19,19,4,10,NA,0,0,2,11,7,2,2,NA,0,0,4,2,25,8,14,NA,3,3,19,10,0,0,0,NA,0,0,0,0,0,0,0,NA,0,0,0,0,0,0,2,NA,0,1,1,0,0,0,0,NA,0,0,0,0,0,0,0,NA,0,0,0,1,1,1,1,NA,0,0,1,0,1,1,1,NA,0,0,1,0
2020-02-12,321,18,4,8,NA,0,2,10,7,42,7,20,NA,0,5,33,19,21,5,9,NA,0,0,2,13,7,2,2,NA,0,0,3,2,24,8,13,NA,3,3,19,10,0,0,1,NA,0,0,0,0,0,0,0,NA,0,0,0,0,0,0,1,NA,0,0,0,0,0,0,0,NA,0,0,1,0,1,0,1,NA,0,0,0,0,2,1,1,NA,0,0,0,2,1,1,1,NA,0,0,0,2
2020-03-12,326,20,5,8,NA,0,2,11,6,42,7,20,NA,0,5,33,19,19,7,9,NA,0,0,2,12,8,2,2,NA,0,0,3,3,24,8,13,NA,3,3,19,11,0,0,0,NA,0,0,0,0,0,0,0,NA,0,0,0,1,0,0,0,NA,0,0,0,0,0,0,0,NA,0,0,0,0,0,0,1,NA,0,0,0,0,2,2,0,NA,0,0,1,0,2,2,0,NA,0,0,1,0
2020-04-12,332,22,5,8,NA,0,3,10,5,42,7,20,NA,0,5,33,19,22,7,8,NA,0,3,3,11,8,2,2,NA,0,0,3,3,24,8,13,NA,3,3,19,11,0,0,0,NA,0,0,2,1,0,0,0,NA,0,0,0,0,0,0,1,NA,0,0,0,1,0,0,0,NA,0,0,0,0,0,0,0,NA,0,0,0,0,3,0,0,NA,0,2,1,0,3,0,0,NA,0,1,1,0
2020-05-12,338,22,4,10,NA,0,5,9,5,44,8,20,NA,0,5,33,19,22,7,8,NA,0,3,3,11,8,2,2,NA,0,0,3,3,24,8,13,NA,4,3,19,11,0,0,0,NA,0,0,1,0,0,0,0,NA,0,0,0,0,1,0,0,NA,0,0,0,0,0,0,0,NA,0,0,0,0,0,0,0,NA,0,0,0,0,3,0,3,NA,0,1,0,0,2,0,2,NA,0,1,0,0
2020-06-12,337,20,4,10,NA,0,5,9,4,43,8,20,NA,0,5,33,20,20,7,10,NA,0,3,4,12,8,2,2,NA,0,0,3,3,23,9,14,NA,4,3,18,11,0,0,0,NA,0,0,0,0,3,0,0,NA,0,0,0,0,0,0,0,NA,0,0,0,0,0,0,0,NA,0,0,0,0,1,0,0,NA,0,0,1,0,0,0,2,NA,0,0,1,1,0,0,2,NA,0,0,1,1
2020-07-12,336,21,4,10,NA,0,5,10,4,43,8,19,NA,0,5,33,20,19,7,10,NA,0,3,4,12,9,2,2,NA,0,0,3,2,23,9,13,NA,4,4,17,11,0,0,0,NA,0,0,0,0,0,0,1,NA,0,0,1,0,0,0,1,NA,0,0,0,0,0,0,0,NA,0,0,0,1,1,0,1,NA,0,0,1,0,2,0,1,NA,0,0,1,0,2,0,1,NA,0,0,1,0
2020-08-12,344,20,4,8,NA,0,5,14,4,43,8,21,NA,0,5,33,20,20,7,10,NA,0,3,7,12,9,2,2,NA,0,0,3,2,24,9,13,NA,4,4,17,11,2,0,0,NA,0,0,0,0,0,0,0,NA,0,0,0,0,0,0,0,NA,0,0,0,0,0,0,0,NA,0,0,0,0,0,0,0,NA,0,0,0,0,1,0,1,NA,0,0,5,0,1,0,1,NA,0,0,4,0
2020-09-12,341,19,4,8,NA,0,5,14,5,43,8,21,NA,0,5,33,19,20,7,10,NA,0,3,7,11,9,2,2,NA,0,0,3,3,24,9,14,NA,4,4,15,10,1,0,0,NA,0,0,0,0,0,0,0,NA,0,0,0,1,0,0,0,NA,0,0,0,0,0,0,0,NA,0,0,0,0,0,0,0,NA,0,0,2,1,1,0,0,NA,0,0,0,1,1,0,0,NA,0,0,0,1
2020-10-12,344,16,5,8,NA,0,5,14,8,47,8,21,NA,0,5,31,19,17,7,10,NA,0,3,7,11,11,2,2,NA,0,0,3,3,24,9,14,NA,4,4,16,10,1,0,0,NA,0,0,0,0,0,0,0,NA,0,0,2,0,1,0,0,NA,0,0,0,0,0,0,0,NA,0,0,0,0,0,0,0,NA,0,0,0,0,2,1,0,NA,0,0,0,2,2,1,0,NA,0,0,0,1
2020-11-12,342,16,5,7,NA,0,4,13,8,46,8,21,NA,0,5,31,20,17,8,10,NA,0,3,8,10,11,2,2,NA,0,0,3,3,24,9,14,NA,4,4,16,10,1,0,1,NA,0,1,1,0,1,0,0,NA,0,0,0,0,0,0,1,NA,0,0,0,0,1,0,0,NA,0,0,0,0,1,0,0,NA,0,0,0,0,1,1,1,NA,0,0,1,1,1,1,1,NA,0,0,1,1
2020-12-12,346,16,4,6,NA,0,4,12,9,46,9,22,NA,0,5,32,19,18,9,10,NA,0,3,8,12,11,2,1,NA,0,0,2,3,26,9,14,NA,4,4,16,10,1,0,0,NA,0,0,0,0,0,0,0,NA,0,0,0,1,0,0,0,NA,0,0,0,0,0,0,1,NA,0,0,0,0,0,0,0,NA,0,0,0,0,1,1,0,NA,0,0,0,2,1,1,0,NA,0,0,0,1
2021-01-12,348,19,4,7,NA,0,3,12,9,45,9,22,NA,0,6,31,19,19,8,10,NA,0,3,9,12,11,2,1,NA,0,0,2,2,25,9,15,NA,4,4,16,10,0,0,0,NA,0,0,0,0,1,0,0,NA,0,0,1,0,0,0,0,NA,0,0,0,0,0,0,0,NA,0,0,0,1,1,0,0,NA,0,0,0,0,3,0,1,NA,0,0,1,0,3,0,1,NA,0,0,1,0
2021-02-12,347,19,4,8,NA,0,4,11,9,43,9,21,NA,0,6,32,19,19,8,13,NA,0,3,10,10,11,2,1,NA,0,0,2,2,23,9,15,NA,4,4,16,10,0,0,0,NA,0,0,0,0,2,0,1,NA,0,0,0,0,0,0,0,NA,0,0,0,2,0,0,0,NA,0,0,0,0,2,0,0,NA,0,0,0,0,0,0,3,NA,0,1,1,0,0,0,2,NA,0,1,1,0
2021-03-12,336,18,4,7,NA,0,4,11,9,39,7,20,NA,0,6,32,19,20,7,13,NA,0,3,10,10,11,2,1,NA,0,0,2,2,22,9,15,NA,4,4,15,10,1,0,0,NA,0,0,0,0,4,2,2,NA,0,0,0,0,0,0,0,NA,0,0,0,0,0,0,0,NA,0,0,0,0,2,0,0,NA,0,0,1,0,1,0,0,NA,0,0,0,0,1,0,0,NA,0,0,0,0
2021-04-12,336,19,4,7,NA,0,4,11,9,39,7,20,NA,0,6,32,18,21,7,13,NA,0,3,10,10,11,2,1,NA,0,0,2,2,21,9,15,NA,4,4,16,9,0,0,1,NA,0,0,0,0,0,0,0,NA,0,0,0,1,0,0,0,NA,0,0,0,0,0,0,0,NA,0,0,0,0,1,0,0,NA,0,0,0,0,1,0,1,NA,0,0,0,0,1,0,1,NA,0,0,0,0
2021-05-12,336,19,4,8,NA,0,5,13,9,39,7,19,NA,0,6,32,18,21,6,11,NA,0,4,11,8,10,2,1,NA,0,0,2,1,21,9,15,NA,4,4,18,9,0,0,0,NA,0,0,0,0,0,0,1,NA,0,0,0,0,0,0,1,NA,0,0,0,0,1,0,0,NA,0,0,0,1,1,1,0,NA,0,0,0,0,0,0,1,NA,0,2,2,0,0,0,1,NA,0,2,2,0
2021-06-12,337,17,4,9,NA,0,5,13,9,39,7,19,NA,0,6,31,18,21,7,11,NA,0,4,12,11,10,2,1,NA,0,0,1,1,21,8,15,NA,4,4,18,9,0,0,0,NA,0,0,0,0,2,0,0,NA,0,0,1,0,0,0,0,NA,0,0,0,0,0,0,1,NA,0,0,1,0,0,1,0,NA,0,0,0,0,0,1,2,NA,0,0,1,2,0,1,1,NA,0,0,1,1
2021-07-12,339,17,5,10,NA,0,4,13,9,38,7,19,NA,0,7,32,18,20,8,11,NA,0,4,13,11,11,2,1,NA,0,0,1,1,20,8,14,NA,4,4,18,9,0,0,0,NA,0,0,0,0,2,0,0,NA,0,0,0,0,0,0,0,NA,0,0,0,0,0,0,0,NA,0,0,0,0,1,0,1,NA,0,0,0,0,1,2,1,NA,0,0,1,0,1,2,1,NA,0,0,1,0
2021-08-12,345,17,5,11,NA,0,4,17,10,37,7,19,NA,0,7,32,17,21,9,11,NA,0,5,13,11,11,2,1,NA,0,0,1,1,19,8,14,NA,4,4,18,9,0,0,0,NA,0,0,0,1,1,0,0,NA,0,0,0,1,1,0,1,NA,0,0,0,0,0,0,0,NA,0,0,0,0,1,0,0,NA,0,0,0,0,1,1,1,NA,0,1,2,1,1,1,1,NA,0,1,2,1
2021-09-12,343,17,5,11,NA,0,4,17,11,35,7,19,NA,0,7,32,17,19,8,11,NA,0,6,11,10,11,2,1,NA,0,0,1,1,19,9,14,NA,4,4,20,10,0,0,0,NA,0,0,0,0,2,0,0,NA,0,0,0,0,0,1,1,NA,0,0,0,1,0,0,0,NA,0,0,0,0,0,0,0,NA,0,0,0,0,0,0,1,NA,0,1,0,1,0,0,1,NA,0,1,0,1
2021-10-12,346,18,5,11,NA,0,4,17,11,35,7,19,NA,0,7,32,17,21,8,11,NA,0,6,12,11,10,2,1,NA,0,0,1,1,19,9,14,NA,4,5,19,9,0,0,0,NA,0,0,0,0,0,0,0,NA,0,0,0,0,0,0,0,NA,0,0,0,0,0,0,0,NA,0,0,0,0,0,0,0,NA,0,0,1,1,2,0,0,NA,0,0,1,1,2,0,0,NA,0,0,1,1
2021-11-12,348,17,5,11,NA,0,4,17,11,36,7,19,NA,0,7,33,17,20,8,12,NA,0,6,13,10,10,2,1,NA,0,0,1,1,20,8,14,NA,4,5,20,9,1,0,1,NA,0,0,0,0,0,0,0,NA,0,0,0,0,0,0,0,NA,0,0,0,0,0,0,0,NA,0,0,0,0,0,1,0,NA,0,0,0,0,1,0,1,NA,0,0,2,0,1,0,1,NA,0,0,1,0
2021-12-12,346,16,6,11,NA,0,4,16,10,35,7,19,NA,0,7,34,18,18,11,11,NA,0,6,13,9,8,2,1,NA,0,0,1,2,20,8,16,NA,4,5,19,9,1,0,0,NA,0,0,0,0,1,0,0,NA,0,0,0,0,1,0,1,NA,0,0,0,0,2,0,0,NA,0,0,0,0,0,0,0,NA,0,0,1,0,0,2,0,NA,0,0,0,1,0,2,0,NA,0,0,0,1
2022-01-12,343,16,4,11,NA,0,4,16,10,35,9,20,NA,0,7,35,18,17,11,11,NA,0,6,13,9,7,2,1,NA,0,0,1,2,20,8,14,NA,4,5,18,9,0,0,0,NA,0,0,0,0,0,0,0,NA,0,0,0,0,1,0,0,NA,0,0,0,0,1,0,0,NA,0,0,0,0,0,0,2,NA,0,0,1,0,0,0,1,NA,0,0,1,0,0,0,1,NA,0,0,1,0
2022-02-12,350,16,4,11,NA,0,4,17,10,36,9,21,NA,0,7,35,19,18,10,12,NA,0,6,13,8,8,2,1,NA,0,0,1,3,19,8,15,NA,4,5,18,10,0,0,0,NA,0,0,0,0,0,0,0,NA,0,0,0,0,1,0,0,NA,0,0,0,0,0,0,0,NA,0,0,0,0,1,0,0,NA,0,0,0,0,3,0,2,NA,0,0,1,1,3,0,2,NA,0,0,1,1
2022-03-12,347,15,3,13,NA,0,4,19,9,37,10,21,NA,0,7,35,19,17,9,12,NA,0,4,12,7,8,2,1,NA,0,0,1,3,20,8,14,NA,4,5,18,10,1,0,0,NA,0,0,0,1,0,0,0,NA,0,0,0,0,1,0,0,NA,0,2,1,1,0,0,0,NA,0,0,0,0,0,0,1,NA,0,0,0,0,1,0,1,NA,0,0,1,0,1,0,1,NA,0,0,1,0
2022-04-12,346,15,4,13,NA,0,3,19,9,37,10,21,NA,0,7,36,19,13,8,12,NA,0,3,13,7,7,2,1,NA,0,0,1,3,21,8,14,NA,4,5,20,11,0,0,0,NA,0,0,0,0,1,0,0,NA,0,1,0,0,1,1,1,NA,0,0,0,0,1,0,0,NA,0,0,0,0,0,0,0,NA,0,0,0,0,1,1,1,NA,0,0,1,0,1,1,1,NA,0,0,1,0
2022-05-12,343,14,4,11,NA,0,2,19,9,36,10,22,NA,0,8,36,19,14,8,10,NA,0,3,14,7,7,2,1,NA,0,0,1,3,21,8,14,NA,4,5,20,11,0,0,0,NA,0,0,0,0,2,0,1,NA,0,0,0,0,0,0,2,NA,0,0,0,0,0,0,0,NA,0,0,0,0,0,0,0,NA,0,0,0,0,1,0,0,NA,0,0,1,0,1,0,0,NA,0,0,1,0
2022-06-12,345,15,4,11,NA,0,2,19,11,35,10,21,NA,0,8,36,19,16,7,9,NA,0,3,12,8,7,2,1,NA,0,0,1,4,21,8,14,NA,4,5,20,12,0,0,0,NA,0,0,0,0,1,0,1,NA,0,0,0,0,0,1,0,NA,0,0,1,1,0,0,1,NA,0,0,0,0,0,0,0,NA,0,0,0,0,2,0,0,NA,0,0,0,3,1,0,0,NA,0,0,0,2
2022-07-12,349,14,4,13,NA,0,4,17,11,36,10,20,NA,0,8,38,19,16,7,8,NA,0,4,12,9,7,2,1,NA,0,0,1,4,21,10,14,NA,4,4,19,12,0,0,0,NA,0,0,0,0,0,0,1,NA,0,0,0,0,0,0,0,NA,0,0,0,0,0,0,0,NA,0,0,0,0,0,0,0,NA,0,1,0,0,0,0,2,NA,0,2,0,1,0,0,2,NA,0,1,0,1
2022-08-12,349,12,4,14,NA,0,3,13,12,36,10,20,NA,0,8,42,19,15,7,8,NA,0,4,11,9,7,2,1,NA,0,0,1,4,22,10,15,NA,4,4,20,12,1,0,0,NA,0,1,0,0,1,0,0,NA,0,0,0,0,0,0,0,NA,0,0,0,0,0,0,0,NA,0,0,0,0,0,0,0,NA,0,1,0,0,0,0,2,NA,0,0,1,1,0,0,1,NA,0,0,1,1
2022-09-12,350,13,4,14,NA,0,3,14,12,35,10,20,NA,0,8,41,19,17,7,9,NA,0,4,10,9,7,2,1,NA,0,0,1,4,21,10,15,NA,4,4,20,12,0,0,0,NA,0,0,0,1,1,0,0,NA,0,0,1,0,0,0,0,NA,0,0,1,0,0,0,0,NA,0,0,0,0,1,0,0,NA,0,0,1,0,3,0,1,NA,0,0,1,1,2,0,1,NA,0,0,1,1
2022-10-12,351,12,3,14,NA,0,3,14,9,36,11,20,NA,0,8,40,21,16,7,11,NA,0,4,11,9,8,2,1,NA,0,0,1,4,21,10,15,NA,4,4,20,12,0,0,0,NA,0,0,1,0,1,0,0,NA,0,0,1,1,0,0,0,NA,0,0,0,0,0,0,0,NA,0,0,0,0,0,0,0,NA,0,0,0,0,1,0,2,NA,0,0,1,0,1,0,2,NA,0,0,1,0
2022-11-12,354,14,3,13,NA,0,3,15,9,37,11,20,NA,0,8,38,22,18,6,11,NA,0,4,9,9,8,2,1,NA,0,0,1,4,20,10,16,NA,4,4,21,13,1,0,1,NA,0,0,0,0,0,0,0,NA,0,0,2,0,0,0,0,NA,0,0,1,0,0,0,0,NA,0,0,0,0,1,0,0,NA,0,0,0,0,4,0,0,NA,0,0,1,1,2,0,0,NA,0,0,1,1
2022-12-12,352,14,4,14,NA,0,3,13,9,36,11,20,NA,0,8,38,22,17,5,11,NA,0,4,9,10,7,2,1,NA,0,0,1,4,19,10,18,NA,4,4,21,13,0,0,0,NA,0,0,2,1,1,0,0,NA,0,0,0,0,0,0,0,NA,0,0,0,0,1,0,0,NA,0,0,0,0,1,0,0,NA,0,0,0,0,0,1,1,NA,0,0,0,2,0,1,1,NA,0,0,0,2
2023-01-12,352,12,4,14,NA,0,4,12,11,38,10,20,NA,0,8,38,22,16,5,11,NA,0,4,8,10,7,2,1,NA,0,0,1,4,18,10,19,NA,4,4,21,14,0,0,0,NA,0,0,1,0,0,1,0,NA,0,0,0,0,0,0,0,NA,0,0,0,0,0,0,0,NA,0,0,0,0,1,0,0,NA,0,0,0,0,0,0,0,NA,0,1,0,1,0,0,0,NA,0,1,0,1
2023-02-12,353,13,5,14,NA,0,3,11,11,36,10,21,NA,0,8,37,22,18,6,9,NA,0,4,7,11,7,2,2,NA,0,0,1,4,20,9,18,NA,4,4,21,15,1,0,0,NA,0,1,1,0,2,0,0,NA,0,0,1,0,0,0,0,NA,0,0,0,0,0,0,0,NA,0,0,0,0,0,1,0,NA,0,0,0,0,3,1,1,NA,0,0,0,1,1,1,1,NA,0,0,0,1
2023-03-12,356,12,5,14,NA,0,3,14,12,36,9,20,NA,0,8,36,22,18,6,10,NA,0,5,8,11,7,2,2,NA,0,0,1,4,19,10,18,NA,4,4,21,15,1,0,0,NA,0,0,0,0,0,1,1,NA,0,0,1,0,0,0,0,NA,0,0,0,0,0,0,0,NA,0,0,0,0,0,0,0,NA,0,0,0,0,0,0,1,NA,0,1,3,1,0,0,1,NA,0,1,3,1
2023-04-12,350,12,5,13,NA,0,3,14,12,36,9,21,NA,0,8,36,21,18,6,9,NA,0,4,8,11,8,2,2,NA,0,0,1,4,18,10,17,NA,3,4,20,15,0,0,0,NA,0,0,0,0,0,0,0,NA,0,0,0,1,0,0,1,NA,0,1,0,0,0,0,0,NA,0,0,0,0,1,0,1,NA,1,0,1,0,1,0,0,NA,0,0,0,0,1,0,0,NA,0,0,0,0
2023-05-12,348,12,5,13,NA,0,2,14,12,35,9,21,NA,0,9,38,21,18,5,9,NA,0,3,8,11,8,2,2,NA,0,0,1,3,17,11,17,NA,3,4,19,16,0,0,0,NA,0,0,0,0,1,0,0,NA,0,0,0,0,0,1,0,NA,0,0,0,0,0,0,0,NA,0,0,0,0,1,0,0,NA,0,0,1,0,0,0,0,NA,0,0,2,0,0,0,0,NA,0,0,2,0
2023-06-12,348,13,4,12,NA,0,2,14,13,34,9,22,NA,0,9,37,21,17,5,10,NA,0,3,9,8,8,2,2,NA,0,0,1,4,17,10,18,NA,3,5,20,16,0,1,0,NA,0,0,0,0,1,0,0,NA,0,0,1,0,1,0,0,NA,0,0,0,1,0,0,0,NA,0,0,0,0,0,1,0,NA,0,0,0,0,1,0,1,NA,0,0,1,2,1,0,1,NA,0,0,1,2
2023-07-12,345,12,3,14,NA,0,2,15,14,33,10,23,NA,0,9,37,20,17,4,10,NA,0,3,8,7,8,3,2,NA,0,0,1,4,17,10,18,NA,3,4,19,15,1,0,0,NA,0,0,0,1,1,0,0,NA,0,0,1,1,0,0,0,NA,0,0,0,1,0,0,0,NA,0,0,0,0,1,0,0,NA,0,1,1,1,0,0,3,NA,0,0,1,1,0,0,3,NA,0,0,1,1
2023-08-12,345,13,3,14,NA,0,3,12,13,32,10,23,NA,0,9,38,20,16,5,12,NA,0,3,8,6,8,3,2,NA,0,0,1,4,17,11,17,NA,3,4,20,15,1,0,0,NA,0,0,1,0,1,0,1,NA,0,0,2,1,0,0,0,NA,0,0,0,1,1,0,0,NA,0,0,0,0,0,0,1,NA,0,0,0,0,1,1,3,NA,0,1,1,0,1,1,2,NA,0,1,1,0
2023-09-12,345,17,3,15,NA,0,3,12,12,31,9,23,NA,0,9,37,21,16,5,12,NA,0,2,8,6,8,3,2,NA,0,0,1,4,16,10,16,NA,3,4,22,15,0,0,0,NA,0,0,0,0,1,1,0,NA,0,0,1,0,1,0,0,NA,0,0,0,0,0,0,0,NA,0,0,0,0,0,1,2,NA,0,0,0,0,3,0,2,NA,0,0,0,0,3,0,1,NA,0,0,0,0
2023-10-12,340,17,2,14,NA,0,3,13,13,29,9,23,NA,0,9,36,20,16,5,12,NA,0,2,8,6,8,3,2,NA,0,0,1,4,16,10,15,NA,2,4,23,15,0,1,1,NA,0,0,0,0,2,0,0,NA,0,0,1,1,0,0,0,NA,0,0,0,0,0,0,0,NA,0,0,0,0,0,0,1,NA,1,0,0,0,1,0,0,NA,0,0,1,1,1,0,0,NA,0,0,1,1
2023-11-12,339,17,2,13,NA,0,3,14,13,30,8,24,NA,0,8,36,20,17,4,11,NA,0,2,8,6,8,3,2,NA,0,0,2,3,16,9,15,NA,2,4,23,16,0,0,0,NA,0,0,0,0,0,1,0,NA,0,1,0,0,0,1,0,NA,0,0,0,0,0,0,0,NA,0,0,0,1,0,1,0,NA,0,0,0,0,1,0,0,NA,0,0,1,0,1,0,0,NA,0,0,1,0
2023-12-12,335,17,1,13,NA,0,3,15,13,30,8,24,NA,0,7,35,19,17,2,11,NA,0,2,7,6,8,3,2,NA,0,0,2,3,17,9,15,NA,2,4,24,16,1,1,0,NA,0,0,0,0,0,0,0,NA,0,1,1,1,0,0,0,NA,0,0,1,0,0,0,0,NA,0,0,0,0,0,0,0,NA,0,0,0,0,1,0,0,NA,0,0,1,0,1,0,0,NA,0,0,1,0
2024-01-12,335,17,1,12,NA,0,5,14,13,30,8,24,NA,0,7,36,19,17,2,11,NA,0,3,6,6,8,3,2,NA,0,0,2,3,17,9,15,NA,2,4,24,15,0,0,0,NA,0,0,0,1,0,0,1,NA,0,0,0,0,0,0,0,NA,0,0,1,0,0,0,0,NA,0,0,0,0,0,0,0,NA,0,0,0,1,0,0,0,NA,0,2,0,1,0,0,0,NA,0,2,0,1
2024-02-12,340,16,2,11,NA,0,5,14,12,31,8,25,NA,0,7,36,20,14,4,10,NA,0,3,7,6,9,3,2,NA,0,0,2,3,18,8,16,NA,2,4,26,16,0,0,0,NA,0,0,0,0,0,0,0,NA,0,0,0,0,0,0,0,NA,0,0,0,0,0,0,0,NA,0,0,0,0,0,0,0,NA,0,0,0,0,0,2,0,NA,0,0,1,1,0,2,0,NA,0,0,1,1
2024-03-12,341,16,2,10,NA,0,5,15,12,31,7,27,NA,0,7,36,20,15,4,10,NA,0,3,7,7,9,3,2,NA,0,0,2,3,18,7,16,NA,2,4,26,15,0,0,0,NA,0,0,0,0,1,1,0,NA,0,0,0,0,0,0,0,NA,0,0,0,0,0,0,0,NA,0,0,0,0,0,1,0,NA,0,0,0,1,1,0,1,NA,0,0,1,1,1,0,1,NA,0,0,1,1
2024-04-12,335,15,1,10,NA,0,5,17,12,32,8,25,NA,0,7,34,18,15,5,7,NA,0,3,8,7,9,3,3,NA,0,0,2,3,19,6,16,NA,2,4,25,14,0,0,0,NA,0,0,0,0,0,0,2,NA,0,0,2,2,0,0,2,NA,0,0,0,0,0,0,0,NA,0,0,0,0,0,1,1,NA,0,0,0,1,0,1,0,NA,0,0,3,0,0,1,0,NA,0,0,2,0
2024-05-12,337,16,1,10,NA,0,6,17,12,32,8,25,NA,0,6,33,17,16,5,6,NA,0,4,8,7,9,3,3,NA,0,0,2,3,19,7,18,NA,2,4,24,14,1,0,0,NA,0,0,0,0,0,0,0,NA,0,1,1,1,0,0,1,NA,0,0,0,0,0,0,0,NA,0,0,0,0,0,0,0,NA,0,0,0,0,4,0,0,NA,0,1,1,0,3,0,0,NA,0,1,1,0
2024-06-12,341,17,1,11,NA,0,6,17,11,32,8,24,NA,0,6,33,19,15,5,7,NA,0,4,8,4,10,3,3,NA,0,0,2,3,19,9,18,NA,2,5,25,14,0,0,0,NA,0,0,0,0,0,0,1,NA,0,0,0,0,0,0,0,NA,0,0,0,0,0,0,0,NA,0,0,0,0,0,0,0,NA,0,0,0,0,1,0,2,NA,0,0,0,1,1,0,2,NA,0,0,0,1
2024-07-12,338,16,1,9,NA,0,5,17,12,32,8,26,NA,0,7,32,19,17,5,6,NA,0,4,7,4,10,2,3,NA,0,0,2,3,17,9,18,NA,2,5,26,14,1,0,0,NA,0,0,1,0,0,0,0,NA,0,0,1,0,0,0,1,NA,0,0,1,0,0,1,0,NA,0,0,0,0,2,0,0,NA,0,0,0,0,1,0,0,NA,0,0,1,1,1,0,0,NA,0,0,1,1
2024-08-12,342,18,1,9,NA,0,5,18,11,30,8,26,NA,0,7,32,20,17,5,6,NA,0,4,6,6,10,2,3,NA,0,0,2,3,19,9,18,NA,2,5,26,14,0,0,0,NA,0,0,0,0,2,0,1,NA,0,0,0,0,0,0,0,NA,0,0,1,0,0,0,0,NA,0,0,0,0,0,0,0,NA,0,0,0,0,2,0,2,NA,0,0,1,2,2,0,1,NA,0,0,1,1
2024-09-12,349,18,1,8,NA,0,5,18,12,31,8,25,NA,0,7,33,20,15,5,7,NA,0,4,8,8,11,2,3,NA,0,0,2,3,19,9,19,NA,2,5,27,14,0,0,1,NA,0,0,0,1,0,0,1,NA,0,0,0,0,0,0,0,NA,0,0,0,0,0,0,0,NA,0,0,0,0,0,0,0,NA,0,0,0,0,1,0,1,NA,0,0,2,3,1,0,1,NA,0,0,2,3
2024-10-12,340,17,1,8,NA,0,6,17,12,31,8,23,NA,0,7,30,20,15,5,7,NA,0,4,7,8,10,2,3,NA,0,0,2,3,18,9,19,NA,2,5,27,14,0,0,1,NA,0,1,0,0,1,0,2,NA,0,0,4,0,0,0,0,NA,0,0,1,0,1,0,0,NA,0,0,0,0,0,0,0,NA,0,0,0,1,0,0,1,NA,0,1,0,0,0,0,1,NA,0,1,0,0
2024-11-12,345,16,1,8,NA,0,7,17,10,33,8,23,NA,0,7,31,21,16,5,8,NA,0,4,7,8,10,2,3,NA,0,0,2,3,17,9,19,NA,2,6,27,15,0,0,0,NA,0,0,0,1,0,0,0,NA,0,0,0,0,0,0,0,NA,0,0,1,0,0,0,0,NA,0,0,0,0,1,0,0,NA,0,0,0,0,2,0,1,NA,0,1,1,0,2,0,1,NA,0,1,1,0
2024-12-12,348,16,1,8,NA,0,7,18,9,33,7,23,NA,0,7,31,22,18,5,9,NA,0,4,7,8,9,2,3,NA,0,0,2,3,18,9,19,NA,2,6,26,16,0,0,0,NA,0,0,0,0,0,1,1,NA,0,0,0,0,0,0,0,NA,0,0,0,0,0,0,0,NA,0,0,0,0,0,0,0,NA,0,0,0,0,2,0,1,NA,0,0,1,0,2,0,1,NA,0,0,1,0
2025-01-12,344,16,1,7,NA,0,6,18,10,32,7,23,NA,0,8,30,21,18,7,9,NA,0,4,6,9,9,2,3,NA,0,0,1,3,17,9,19,NA,2,6,25,16,0,0,1,NA,0,0,0,0,1,0,0,NA,0,0,1,1,0,0,0,NA,0,0,1,0,0,0,0,NA,0,0,1,0,1,0,0,NA,0,0,1,0,0,2,0,NA,0,0,0,1,0,1,0,NA,0,0,0,1
2025-02-12,342,16,1,7,NA,0,6,19,10,32,7,22,NA,0,8,30,21,17,6,7,NA,0,4,6,8,8,2,3,NA,0,0,1,3,18,9,19,NA,2,7,27,16,1,0,0,NA,0,0,0,0,0,0,1,NA,0,0,0,0,0,0,2,NA,0,0,0,1,0,0,0,NA,0,0,0,0,0,0,0,NA,0,0,0,0,1,0,0,NA,0,0,1,0,1,0,0,NA,0,0,1,0
2025-03-12,339,16,1,7,NA,0,6,16,9,32,7,22,NA,0,8,32,21,16,6,6,NA,0,3,6,9,8,2,3,NA,0,0,1,3,19,10,19,NA,2,6,27,16,0,0,0,NA,0,0,0,1,0,0,0,NA,0,0,1,1,1,0,0,NA,0,0,0,0,0,0,0,NA,0,0,0,0,0,0,0,NA,0,1,0,0,0,0,0,NA,0,0,0,2,0,0,0,NA,0,0,0,2
2025-04-12,341,19,1,8,NA,0,7,16,9,32,7,22,NA,0,8,31,21,16,6,7,NA,0,4,6,8,8,2,2,NA,0,0,1,3,18,10,20,NA,2,5,27,15,0,0,0,NA,0,0,0,1,0,0,0,NA,0,0,1,0,1,0,0,NA,0,0,0,1,0,0,1,NA,0,0,0,0,1,0,0,NA,0,0,0,1,2,0,1,NA,0,1,0,1,2,0,1,NA,0,1,0,1
2025-05-12,346,20,1,9,NA,0,7,18,9,31,7,22,NA,0,8,32,20,18,6,9,NA,0,4,6,8,8,2,2,NA,0,0,1,3,18,10,20,NA,2,5,26,14,0,0,0,NA,0,0,0,0,1,0,0,NA,0,0,0,1,0,0,0,NA,0,0,0,1,0,0,0,NA,0,0,0,0,0,0,0,NA,0,0,2,0,2,0,2,NA,0,0,2,1,2,0,2,NA,0,0,2,1
2025-06-12,351,23,1,9,NA,0,7,18,8,29,7,22,NA,0,8,32,21,20,5,12,NA,0,4,7,7,8,2,2,NA,0,0,1,3,18,10,20,NA,2,5,27,13,0,0,0,NA,0,0,0,0,2,0,0,NA,0,0,0,0,0,1,0,NA,0,1,0,0,0,0,0,NA,0,0,0,0,0,0,0,NA,0,0,0,1,3,0,2,NA,0,1,1,0,3,0,2,NA,0,1,1,0
2025-07-12,351,23,1,8,NA,0,8,17,6,28,7,23,NA,0,8,33,23,20,5,12,NA,0,5,7,7,8,2,2,NA,0,0,1,3,17,10,20,NA,2,5,27,13,0,0,0,NA,0,0,0,0,1,0,0,NA,0,0,1,0,0,0,0,NA,0,0,0,1,0,0,0,NA,0,0,0,0,1,0,0,NA,0,0,0,0,0,0,0,NA,0,1,1,1,0,0,0,NA,0,1,1,1
2025-08-12,356,22,1,8,NA,0,7,17,6,29,7,23,NA,0,8,34,22,21,4,11,NA,0,5,10,9,8,2,2,NA,0,0,1,3,17,10,20,NA,2,6,28,13,0,0,0,NA,0,0,0,0,0,0,1,NA,0,1,0,1,0,1,0,NA,0,0,0,0,0,0,0,NA,0,0,0,0,0,0,0,NA,0,0,0,0,1,0,1,NA,0,0,3,2,1,0,1,NA,0,0,3,2
2025-09-12,350,18,1,7,NA,0,7,19,5,31,7,22,NA,0,8,33,22,20,4,11,NA,0,7,10,9,8,2,2,NA,0,0,1,3,17,10,19,NA,2,6,27,12,1,0,1,NA,0,0,0,1,2,0,1,NA,0,0,1,0,0,0,0,NA,0,0,0,0,1,0,0,NA,0,0,0,0,0,0,1,NA,0,0,1,1,1,0,0,NA,0,1,2,0,1,0,0,NA,0,1,2,0
2025-10-12,347,18,1,7,NA,0,8,19,5,31,7,22,NA,0,7,33,22,18,4,11,NA,0,7,10,9,9,2,2,NA,0,0,1,3,16,10,19,NA,2,6,27,11,0,0,0,NA,0,0,0,0,0,0,0,NA,0,1,1,0,1,0,0,NA,0,0,0,0,0,0,0,NA,0,0,0,0,1,0,0,NA,0,0,0,1,0,0,0,NA,0,1,1,0,0,0,0,NA,0,1,1,0
2025-11-12,343,17,1,7,NA,0,8,18,5,31,7,21,NA,0,7,33,22,18,5,11,NA,0,7,10,9,8,2,2,NA,0,0,1,3,16,10,19,NA,2,5,26,12,0,0,0,NA,0,0,0,0,1,0,1,NA,0,0,1,0,0,0,0,NA,0,0,0,0,1,0,0,NA,0,0,0,0,0,0,0,NA,0,1,1,0,1,1,0,NA,0,0,0,0,1,1,0,NA,0,0,0,0
2025-12-12,340,17,1,8,NA,0,8,17,5,31,7,19,NA,0,7,33,22,20,5,11,NA,0,7,10,9,7,2,2,NA,0,0,1,3,15,10,19,NA,2,5,25,12,0,0,0,NA,0,0,0,0,1,0,2,NA,0,0,1,0,0,0,1,NA,0,0,0,0,1,0,0,NA,0,0,0,0,1,0,0,NA,0,0,1,0,2,0,2,NA,0,0,0,0,1,0,1,NA,0,0,0,0
2026-01-12,337,16,0,10,NA,0,7,17,4,30,7,18,NA,0,8,33,23,19,5,12,NA,0,6,10,9,7,2,2,NA,0,0,1,3,16,10,18,NA,2,5,25,12,1,1,0,NA,0,0,0,0,1,0,1,NA,0,0,0,0,1,0,0,NA,0,0,0,0,0,0,0,NA,0,0,0,0,0,0,1,NA,0,0,0,0,0,0,2,NA,0,0,0,0,0,0,2,NA,0,0,0,0
2026-02-12,343,16,0,10,NA,0,8,17,6,30,7,18,NA,0,8,33,23,18,4,13,NA,0,8,9,9,7,3,2,NA,0,0,1,4,16,10,18,NA,2,5,25,13,0,0,0,NA,0,0,0,0,0,0,0,NA,0,0,0,0,1,0,0,NA,0,0,0,0,0,0,0,NA,0,0,0,0,0,0,0,NA,0,0,0,1,0,1,1,NA,0,2,0,2,0,1,1,NA,0,1,0,2
2026-03-12,344,15,0,10,NA,0,8,17,6,30,7,17,NA,0,8,33,23,19,5,13,NA,0,8,9,9,7,3,2,NA,0,0,1,4,16,10,18,NA,2,5,27,12,1,0,0,NA,0,0,0,0,0,0,1,NA,0,0,1,0,0,0,0,NA,0,0,0,0,0,0,0,NA,0,0,0,0,0,0,0,NA,0,0,0,0,1,1,0,NA,0,0,1,1,1,1,0,NA,0,0,1,1
2026-04-12,340,15,0,11,NA,0,7,15,6,30,7,17,NA,0,8,35,22,18,4,14,NA,0,8,8,9,7,3,1,NA,0,0,1,4,16,10,17,NA,2,5,28,12,0,0,0,NA,0,1,0,0,0,0,0,NA,0,0,0,1,1,0,0,NA,0,0,1,0,0,0,1,NA,0,0,0,0,0,0,1,NA,0,0,0,0,0,0,2,NA,0,0,0,0,0,0,2,NA,0,0,0,0
2026-05-12,340,14,0,11,NA,0,6,16,6,32,7,17,NA,0,9,35,22,16,4,13,NA,0,6,7,10,7,3,1,NA,0,1,1,4,16,10,18,NA,2,5,28,13,0,0,0,NA,0,0,0,1,0,0,0,NA,0,0,0,0,1,0,1,NA,0,1,0,0,0,0,0,NA,0,0,0,0,0,0,0,NA,0,0,0,0,1,0,0,NA,0,0,1,1,1,0,0,NA,0,0,1,1
2026-06-12,342,17,1,10,NA,0,5,18,7,33,7,17,NA,0,9,35,21,17,4,12,NA,0,6,7,11,8,3,1,NA,0,1,1,4,14,10,18,NA,2,5,27,11,0,0,0,NA,0,1,0,0,0,0,1,NA,0,0,0,1,0,0,1,NA,0,0,0,0,0,0,0,NA,0,0,0,0,2,0,0,NA,0,0,1,2,3,1,0,NA,0,0,2,2,2,1,0,NA,0,0,2,2
2026-07-12,341,19,1,10,NA,0,6,17,6,33,6,17,NA,0,9,36,22,16,5,12,NA,0,5,6,11,8,3,1,NA,0,1,1,3,14,10,18,NA,2,5,27,11,0,0,0,NA,0,0,0,0,0,1,0,NA,0,0,0,0,0,0,0,NA,0,1,1,0,0,0,0,NA,0,0,0,1,0,0,1,NA,0,0,1,0,2,1,0,NA,0,1,0,0,2,1,0,NA,0,1,0,0
2026-08-12,334,17,1,8,NA,0,6,15,6,35,6,18,NA,0,8,35,21,16,5,12,NA,0,5,5,11,8,3,1,NA,0,1,1,3,16,9,19,NA,2,4,26,11,0,0,2,NA,0,0,1,0,0,0,0,NA,0,1,2,1,0,0,0,NA,0,0,0,0,0,0,0,NA,0,0,0,0,0,0,0,NA,0,1,1,0,0,0,1,NA,0,0,0,1,0,0,1,NA,0,0,0,1
2026-09-12,344,20,1,9,NA,0,7,14,8,34,6,18,NA,0,8,35,21,17,5,13,NA,0,6,5,12,8,3,1,NA,0,1,2,3,16,9,19,NA,2,4,26,11,0,0,0,NA,0,0,0,0,1,0,0,NA,0,0,1,0,0,0,0,NA,0,0,0,0,0,0,0,NA,0,0,0,0,0,0,0,NA,0,0,0,0,2,0,2,NA,0,1,1,2,1,0,2,NA,0,1,1,2
2026-10-12,348,19,2,9,NA,0,5,16,10,33,6,19,NA,0,9,35,21,17,4,16,NA,0,6,5,12,7,2,1,NA,0,1,2,3,16,9,19,NA,2,5,26,11,1,0,0,NA,0,0,0,0,1,0,0,NA,0,1,0,0,0,1,0,NA,0,0,0,0,0,1,0,NA,0,0,0,0,0,0,0,NA,0,0,0,0,0,1,2,NA,0,0,2,1,0,1,2,NA,0,0,2,1
2026-11-12,349,18,2,9,NA,0,4,16,10,34,6,19,NA,0,10,35,21,13,4,17,NA,0,7,4,12,7,2,1,NA,0,1,2,3,16,9,19,NA,2,6,28,12,0,0,0,NA,0,0,1,0,0,0,0,NA,0,0,1,0,1,0,0,NA,0,0,1,0,1,0,0,NA,0,0,0,0,0,0,0,NA,0,0,0,0,0,0,2,NA,0,1,2,0,0,0,2,NA,0,1,2,0
2026-12-12,338,17,2,8,NA,0,4,15,9,33,5,20,NA,0,10,33,21,13,4,16,NA,0,7,4,11,6,2,1,NA,0,1,2,3,16,9,18,NA,2,7,27,12,1,0,0,NA,0,0,0,1,1,1,0,NA,0,0,3,0,0,0,1,NA,0,0,0,1,1,0,0,NA,0,0,0,0,0,0,1,NA,0,0,1,0,0,0,1,NA,0,0,0,0,0,0,1,NA,0,0,0,0
2027-01-12,335,18,2,8,NA,0,4,15,8,33,5,20,NA,0,10,32,22,15,3,15,NA,0,7,5,9,4,2,1,NA,0,1,2,3,17,8,19,NA,2,8,26,11,0,0,0,NA,0,0,0,1,0,0,0,NA,0,0,1,0,0,0,1,NA,0,0,0,1,2,0,0,NA,0,0,0,0,0,1,0,NA,0,0,0,1,3,0,0,NA,0,0,1,1,2,0,0,NA,0,0,1,1
2027-02-12,332,18,2,8,NA,0,4,14,8,33,5,20,NA,0,9,33,22,17,3,16,NA,0,7,5,9,4,2,1,NA,0,1,2,3,16,8,19,NA,2,7,24,10,0,0,0,NA,0,0,0,0,0,0,0,NA,0,1,0,0,0,0,0,NA,0,0,0,0,0,0,0,NA,0,0,0,0,1,0,0,NA,0,1,2,1,1,0,1,NA,0,0,0,0,1,0,1,NA,0,0,0,0
2027-03-12,335,18,3,9,NA,0,4,16,8,32,5,20,NA,0,9,32,22,17,3,17,NA,0,7,6,8,4,2,1,NA,0,1,2,3,15,8,20,NA,2,7,24,10,1,0,0,NA,0,0,0,0,1,0,0,NA,0,0,1,0,0,0,0,NA,0,0,0,0,0,0,0,NA,0,0,0,0,1,0,0,NA,0,0,0,0,1,1,1,NA,0,0,2,0,1,1,1,NA,0,0,2,0
2027-04-12,336,17,3,9,NA,0,4,16,8,33,5,20,NA,0,9,32,23,17,3,15,NA,0,6,6,8,5,2,1,NA,0,1,2,3,16,8,20,NA,2,7,25,10,0,0,0,NA,0,0,0,0,1,0,0,NA,0,0,0,0,1,0,1,NA,0,0,0,1,0,0,0,NA,0,0,0,0,0,0,0,NA,0,0,0,0,2,0,0,NA,0,0,0,1,2,0,0,NA,0,0,0,1
2027-05-12,341,19,3,8,NA,0,4,13,8,33,5,20,NA,0,9,35,23,20,3,14,NA,0,5,6,7,5,2,1,NA,0,1,2,3,16,8,22,NA,2,7,27,10,0,0,0,NA,0,0,0,0,1,0,1,NA,0,0,0,0,0,0,0,NA,0,1,0,0,0,0,0,NA,0,0,0,0,0,0,0,NA,0,0,0,0,5,0,0,NA,0,0,0,0,3,0,0,NA,0,0,0,0
2027-06-12,342,17,3,8,NA,0,4,13,8,36,5,20,NA,0,9,35,23,18,4,13,NA,0,4,5,8,5,2,0,NA,0,1,2,3,17,8,22,NA,2,7,30,10,0,0,0,NA,0,0,0,0,0,0,0,NA,0,0,0,0,0,0,1,NA,0,1,0,0,0,0,1,NA,0,0,0,0,0,0,0,NA,0,0,0,0,1,1,1,NA,0,0,0,1,1,1,1,NA,0,0,0,1
2027-07-12,344,19,2,8,NA,0,3,14,8,36,4,19,NA,0,10,36,22,19,4,14,NA,0,4,5,7,5,2,0,NA,0,1,2,3,18,8,22,NA,2,7,30,10,0,1,0,NA,0,0,0,0,0,1,1,NA,0,0,0,1,0,0,0,NA,0,0,1,0,0,0,0,NA,0,0,0,0,0,0,0,NA,0,0,0,0,2,0,1,NA,0,0,2,0,2,0,1,NA,0,0,2,0
2027-08-12,346,19,3,8,NA,0,3,14,9,35,4,19,NA,0,10,36,22,17,5,12,NA,0,4,4,9,5,2,0,NA,0,1,2,3,18,8,23,NA,2,9,29,11,0,0,0,NA,0,0,0,0,1,0,1,NA,0,0,0,0,1,0,1,NA,0,0,0,0,0,0,0,NA,0,0,0,0,0,0,0,NA,0,0,1,0,0,1,1,NA,0,0,0,3,0,1,1,NA,0,0,0,3
2027-09-12,339,19,5,8,NA,0,2,13,8,36,4,19,NA,0,10,36,22,19,5,10,NA,0,3,3,9,3,2,0,NA,0,1,2,3,16,8,23,NA,2,8,29,11,0,0,0,NA,0,1,0,1,0,0,0,NA,0,0,1,0,0,0,2,NA,0,1,1,0,2,0,0,NA,0,0,0,0,2,0,0,NA,0,1,0,0,2,1,0,NA,0,0,0,0,2,1,0,NA,0,0,0,0
2027-10-12,345,20,5,9,NA,0,2,12,10,35,4,19,NA,0,10,37,22,21,5,12,NA,0,3,3,9,3,2,0,NA,0,1,2,3,16,8,23,NA,2,8,28,11,0,0,0,NA,0,0,0,0,1,0,0,NA,0,0,0,0,0,0,0,NA,0,0,0,0,0,0,0,NA,0,0,0,0,0,0,0,NA,0,0,1,0,2,0,2,NA,0,0,0,1,2,0,2,NA,0,0,0,1
2027-11-12,351,23,5,9,NA,0,2,12,11,35,4,18,NA,0,10,37,22,21,4,13,NA,0,3,3,11,3,2,0,NA,0,1,2,3,17,8,23,NA,2,8,28,11,0,0,0,NA,0,0,1,0,0,0,1,NA,0,0,0,0,0,0,0,NA,0,0,0,0,0,0,0,NA,0,0,0,0,0,0,0,NA,0,0,0,0,2,0,1,NA,0,0,1,2,2,0,1,NA,0,0,1,2
2027-12-12,354,24,5,9,NA,0,2,12,12,34,4,19,NA,0,10,37,21,21,4,14,NA,0,4,3,12,4,2,0,NA,0,1,2,3,17,8,23,NA,2,7,27,11,0,0,0,NA,0,0,0,0,1,0,0,NA,0,0,0,1,2,0,0,NA,0,0,0,0,0,0,0,NA,0,0,0,0,0,0,0,NA,0,1,1,0,2,0,1,NA,0,1,0,1,2,0,1,NA,0,1,0,1
2028-01-12,351,24,5,8,NA,0,2,14,12,32,4,20,NA,0,10,37,21,21,3,14,NA,0,4,3,11,4,2,0,NA,0,1,2,3,17,7,23,NA,2,7,27,11,0,0,0,NA,0,0,0,0,2,0,0,NA,0,0,0,0,0,1,0,NA,0,0,0,1,0,0,0,NA,0,0,0,0,0,0,0,NA,0,0,1,0,0,0,0,NA,0,0,1,0,0,0,0,NA,0,0,1,0
2028-02-12,348,24,5,8,NA,0,1,15,12,31,4,20,NA,0,10,37,20,20,2,13,NA,0,2,5,12,3,2,1,NA,0,1,1,4,17,7,22,NA,2,7,28,12,1,0,0,NA,0,0,0,0,1,0,0,NA,0,1,0,1,1,1,0,NA,0,0,0,0,1,0,0,NA,0,0,1,0,0,0,1,NA,0,0,0,0,1,0,0,NA,0,0,2,1,1,0,0,NA,0,0,2,1
2028-03-12,349,24,4,9,NA,0,1,14,12,31,4,19,NA,0,10,38,19,20,1,15,NA,0,2,6,10,3,2,1,NA,0,1,1,4,18,7,24,NA,2,7,28,12,0,1,0,NA,0,0,0,0,0,0,1,NA,0,0,0,1,0,0,0,NA,0,0,0,1,0,0,0,NA,0,0,0,0,0,0,0,NA,0,0,0,0,1,0,2,NA,0,0,1,0,1,0,2,NA,0,0,1,0
2028-04-12,353,24,4,9,NA,0,2,17,15,29,3,20,NA,0,10,38,19,20,1,14,NA,0,3,7,10,3,2,2,NA,0,1,1,4,18,7,23,NA,2,6,28,11,0,0,0,NA,0,0,0,0,2,1,0,NA,0,0,0,0,0,0,0,NA,0,0,0,0,0,0,0,NA,0,0,0,0,0,0,1,NA,0,1,0,1,0,0,1,NA,0,1,3,2,0,0,1,NA,0,1,2,2
2028-05-12,352,24,4,9,NA,0,2,16,14,30,3,20,NA,0,9,38,20,23,1,15,NA,0,3,9,10,3,2,2,NA,0,1,1,4,16,7,21,NA,2,6,26,11,1,0,1,NA,0,0,0,0,0,0,0,NA,0,1,1,0,0,0,0,NA,0,0,0,0,0,0,0,NA,0,0,0,0,1,0,2,NA,0,0,3,0,3,0,1,NA,0,0,1,0,3,0,1,NA,0,0,1,0
2028-06-12,358,23,3,9,NA,0,2,17,13,33,4,20,NA,0,9,39,20,25,1,15,NA,0,3,9,11,4,2,1,NA,0,1,1,4,16,7,20,NA,2,6,27,11,0,0,0,NA,0,0,0,0,0,0,0,NA,0,0,0,1,0,0,0,NA,0,0,1,0,0,0,0,NA,0,0,0,0,0,0,1,NA,0,0,0,0,3,0,0,NA,0,0,2,1,3,0,0,NA,0,0,2,1
2028-07-12,348,20,3,8,NA,0,2,17,12,34,4,20,NA,0,9,38,18,24,1,14,NA,0,3,10,10,4,2,1,NA,0,1,1,4,16,7,20,NA,2,7,25,11,1,0,2,NA,0,0,0,1,1,0,0,NA,0,0,1,2,0,0,1,NA,0,0,0,1,0,0,0,NA,0,0,0,0,0,0,0,NA,0,0,2,0,0,0,1,NA,0,0,1,0,0,0,1,NA,0,0,1,0
2028-08-12,344,20,4,7,NA,0,2,17,12,34,3,21,NA,0,9,37,18,24,2,14,NA,0,3,8,9,4,2,1,NA,0,1,1,4,17,7,20,NA,2,7,25,9,0,0,0,NA,0,0,0,0,0,1,0,NA,0,0,1,0,0,0,0,NA,0,0,2,0,0,0,0,NA,0,0,0,0,0,0,0,NA,0,0,1,1,0,1,0,NA,0,0,0,0,0,1,0,NA,0,0,0,0
2028-09-12,336,19,4,5,NA,0,1,16,11,35,3,21,NA,0,9,37,19,23,2,14,NA,0,2,8,8,3,2,1,NA,0,1,1,4,17,6,20,NA,1,7,26,10,0,0,1,NA,0,0,1,0,1,0,1,NA,0,1,0,0,2,0,0,NA,0,0,0,0,2,0,0,NA,0,0,0,0,0,1,0,NA,1,0,0,0,2,0,0,NA,0,0,0,0,2,0,0,NA,0,0,0,0
2028-10-12,339,20,4,5,NA,0,1,14,9,35,2,22,NA,0,8,39,21,27,2,12,NA,0,2,7,8,3,2,1,NA,0,1,1,4,19,6,20,NA,1,7,25,11,0,0,0,NA,0,0,0,0,0,1,0,NA,0,1,0,0,0,0,0,NA,0,0,1,0,0,0,0,NA,0,0,0,0,0,0,0,NA,0,0,1,0,3,0,2,NA,0,0,0,0,2,0,2,NA,0,0,0,0
2028-11-12,335,19,4,5,NA,0,2,11,11,35,2,21,NA,0,8,39,21,27,2,10,NA,0,3,6,8,3,2,1,NA,0,1,1,4,20,5,21,NA,1,7,24,11,1,0,0,NA,0,0,1,0,0,0,1,NA,0,0,2,0,0,0,1,NA,0,0,0,0,0,0,0,NA,0,0,0,0,0,1,0,NA,0,0,1,0,0,0,0,NA,0,1,0,2,0,0,0,NA,0,1,0,2
2028-12-12,330,19,4,5,NA,NA,2,13,10,34,2,21,NA,NA,8,39,21,27,2,10,NA,NA,3,6,8,2,2,1,NA,NA,1,1,4,20,5,21,NA,NA,7,21,11,0,0,0,NA,NA,0,0,1,1,0,0,NA,NA,0,0,0,0,0,1,NA,NA,0,0,0,1,0,0,NA,NA,0,0,0,0,0,0,NA,NA,0,3,0,0,0,1,NA,NA,0,2,0,0,0,1,NA,NA,0,2,0
2029-01-12,327,18,4,5,NA,NA,2,12,10,34,2,21,NA,NA,7,38,22,27,2,9,NA,NA,3,6,9,2,2,1,NA,NA,1,1,4,19,5,21,NA,NA,7,22,11,0,0,0,NA,NA,0,1,0,1,0,0,NA,NA,1,1,0,0,0,1,NA,NA,0,0,0,0,0,0,NA,NA,0,0,0,1,0,0,NA,NA,0,0,0,1,0,0,NA,NA,0,0,1,1,0,0,NA,NA,0,0,1
2029-02-12,328,20,4,5,NA,NA,2,12,10,34,2,20,NA,NA,7,38,22,26,2,8,NA,NA,3,7,9,3,2,1,NA,NA,1,1,4,20,5,21,NA,NA,7,22,10,0,0,0,NA,NA,0,0,0,0,0,1,NA,NA,0,0,0,1,0,0,NA,NA,0,0,0,0,0,0,NA,NA,0,0,0,0,0,0,NA,NA,0,0,1,2,0,0,NA,NA,0,1,0,2,0,0,NA,NA,0,1,0
2029-03-12,324,19,3,6,NA,NA,2,10,11,34,3,20,NA,NA,7,39,21,24,2,8,NA,NA,3,7,9,3,2,1,NA,NA,1,1,4,19,5,21,NA,NA,7,22,10,0,0,0,NA,NA,0,1,0,1,0,0,NA,NA,0,0,1,3,0,0,NA,NA,0,0,0,0,0,0,NA,NA,0,0,0,1,0,0,NA,NA,0,0,0,1,0,1,NA,NA,0,0,1,1,0,1,NA,NA,0,0,1
2029-04-12,326,19,3,8,NA,NA,2,10,10,33,3,20,NA,NA,7,38,21,27,2,7,NA,NA,3,6,10,3,2,1,NA,NA,1,1,4,19,5,21,NA,NA,7,23,10,0,0,0,NA,NA,0,0,0,1,0,0,NA,NA,0,1,1,0,0,1,NA,NA,0,1,0,0,0,0,NA,NA,0,0,0,0,0,0,NA,NA,0,0,0,2,0,2,NA,NA,0,0,1,2,0,1,NA,NA,0,0,1
2029-05-12,325,17,3,8,NA,NA,2,10,10,35,3,20,NA,NA,7,37,20,27,2,9,NA,NA,2,6,10,3,2,1,NA,NA,1,1,4,19,5,22,NA,NA,6,22,11,0,0,1,NA,NA,0,0,0,1,0,0,NA,NA,0,1,1,0,0,0,NA,NA,1,0,0,0,0,0,NA,NA,0,0,0,0,0,0,NA,NA,1,1,0,2,0,2,NA,NA,0,0,0,2,0,2,NA,NA,0,0,0
2029-06-12,330,19,2,8,NA,NA,2,10,11,35,3,19,NA,NA,7,37,20,28,2,8,NA,NA,2,8,11,3,2,1,NA,NA,1,1,4,19,5,22,NA,NA,6,23,11,0,1,0,NA,NA,0,0,0,0,0,1,NA,NA,0,0,0,0,0,0,NA,NA,0,0,0,0,0,0,NA,NA,0,0,0,0,0,0,NA,NA,0,0,0,2,0,0,NA,NA,0,1,1,1,0,0,NA,NA,0,1,1
2029-07-12,331,17,2,8,NA,NA,2,8,12,37,3,18,NA,NA,6,38,20,28,2,10,NA,NA,3,7,11,3,2,1,NA,NA,1,1,4,19,5,22,NA,NA,5,25,11,0,0,0,NA,NA,0,1,0,0,0,1,NA,NA,1,1,0,0,0,0,NA,NA,0,0,0,0,0,0,NA,NA,0,0,0,0,0,0,NA,NA,1,0,0,1,0,1,NA,NA,1,1,1,1,0,1,NA,NA,1,1,1
2029-08-12,331,18,2,8,NA,NA,2,9,11,37,3,18,NA,NA,6,38,20,27,1,10,NA,NA,3,7,9,3,2,1,NA,NA,1,1,4,20,5,23,NA,NA,5,25,12,0,0,0,NA,NA,0,0,1,0,0,0,NA,NA,0,0,0,1,0,1,NA,NA,0,0,0,0,0,0,NA,NA,0,0,0,0,0,0,NA,NA,0,0,0,1,0,1,NA,NA,0,1,0,1,0,1,NA,NA,0,1,0
2029-09-12,333,16,2,8,NA,NA,2,12,12,37,4,17,NA,NA,6,36,20,25,2,10,NA,NA,3,8,10,4,2,1,NA,NA,1,1,4,19,5,23,NA,NA,5,26,12,1,0,0,NA,NA,0,0,0,1,0,1,NA,NA,0,2,0,0,0,0,NA,NA,0,0,0,0,0,0,NA,NA,0,0,0,1,0,0,NA,NA,0,0,0,0,1,0,NA,NA,0,3,2,0,1,0,NA,NA,0,3,2
2029-10-12,332,15,2,8,NA,NA,2,12,10,38,4,16,NA,NA,6,36,22,24,2,9,NA,NA,3,7,10,4,2,1,NA,NA,1,1,4,19,5,24,NA,NA,5,27,13,0,0,1,NA,NA,0,0,0,0,0,1,NA,NA,0,0,0,0,0,1,NA,NA,0,1,0,0,0,0,NA,NA,0,0,0,0,0,0,NA,NA,0,0,0,1,0,1,NA,NA,0,0,0,1,0,1,NA,NA,0,0,0
2029-11-12,331,14,2,8,NA,NA,1,12,10,39,4,16,NA,NA,6,36,20,25,2,10,NA,NA,4,9,8,4,1,1,NA,NA,0,0,4,20,5,23,NA,NA,6,28,13,0,0,0,NA,NA,1,0,0,1,0,0,NA,NA,0,0,2,0,0,0,NA,NA,0,0,0,0,0,0,NA,NA,1,1,0,0,0,1,NA,NA,0,0,0,1,0,1,NA,NA,1,1,0,1,0,1,NA,NA,1,1,0
2029-12-12,328,14,2,8,NA,NA,1,12,8,40,4,15,NA,NA,6,36,21,23,2,9,NA,NA,4,9,7,4,1,1,NA,NA,0,0,4,22,5,23,NA,NA,5,28,14,0,0,0,NA,NA,0,0,1,0,0,1,NA,NA,0,0,0,1,0,0,NA,NA,0,0,0,0,0,0,NA,NA,0,0,0,0,0,0,NA,NA,1,1,0,1,0,0,NA,NA,0,0,0,1,0,0,NA,NA,0,0,0
2030-01-12,327,14,2,8,NA,NA,1,12,9,39,4,15,NA,NA,6,37,21,24,2,10,NA,NA,3,10,7,4,1,0,NA,NA,0,0,4,22,5,21,NA,NA,5,28,13,1,0,1,NA,NA,0,0,0,1,0,0,NA,NA,0,0,0,0,0,0,NA,NA,1,1,0,0,0,1,NA,NA,0,0,0,0,0,2,NA,NA,0,0,1,1,0,1,NA,NA,0,2,1,1,0,1,NA,NA,0,1,1
2030-02-12,324,12,2,8,NA,NA,1,9,8,40,4,15,NA,NA,6,38,21,24,2,10,NA,NA,3,10,6,4,1,0,NA,NA,0,0,4,24,5,21,NA,NA,5,28,13,1,0,0,NA,NA,0,2,1,0,0,0,NA,NA,0,0,0,0,0,0,NA,NA,0,0,0,0,0,0,NA,NA,0,0,0,0,0,0,NA,NA,0,0,0,0,0,0,NA,NA,0,0,1,0,0,0,NA,NA,0,0,1
2030-03-12,322,12,2,7,NA,NA,1,9,8,40,4,15,NA,NA,6,38,21,23,2,9,NA,NA,3,10,6,5,1,0,NA,NA,0,0,4,23,5,21,NA,NA,5,29,13,0,0,1,NA,NA,0,0,0,0,0,1,NA,NA,0,0,0,0,0,0,NA,NA,0,0,1,0,0,0,NA,NA,0,0,0,1,0,0,NA,NA,0,0,0,0,0,1,NA,NA,0,0,1,0,0,1,NA,NA,0,0,1
2030-04-12,322,12,2,7,NA,NA,2,7,8,40,4,15,NA,NA,6,39,20,23,2,8,NA,NA,4,11,6,5,1,0,NA,NA,0,0,4,23,5,21,NA,NA,5,29,13,0,0,0,NA,NA,0,1,0,0,0,0,NA,NA,0,0,1,0,0,1,NA,NA,0,0,0,0,0,0,NA,NA,0,0,0,0,0,0,NA,NA,0,0,0,0,0,0,NA,NA,1,1,0,0,0,0,NA,NA,1,1,0
2030-05-12,322,10,2,7,NA,NA,3,8,9,42,4,15,NA,NA,6,39,20,20,2,7,NA,NA,4,9,7,6,1,0,NA,NA,0,0,4,25,5,21,NA,NA,5,28,13,0,0,0,NA,NA,0,0,0,0,0,0,NA,NA,0,0,0,2,0,1,NA,NA,0,0,0,0,0,0,NA,NA,0,0,0,0,0,0,NA,NA,0,1,0,0,0,0,NA,NA,1,1,2,0,0,0,NA,NA,1,1,2
2030-06-12,325,9,2,7,NA,NA,3,6,10,43,4,14,NA,NA,6,41,20,21,2,9,NA,NA,4,8,6,6,1,0,NA,NA,0,0,5,25,5,20,NA,NA,5,29,14,0,0,0,NA,NA,0,0,1,1,0,1,NA,NA,0,0,0,0,0,0,NA,NA,0,1,0,0,0,0,NA,NA,0,0,0,0,0,1,NA,NA,0,0,0,3,0,1,NA,NA,0,0,2,3,0,1,NA,NA,0,0,2
2030-07-12,328,10,2,6,NA,NA,3,9,10,43,4,15,NA,NA,6,41,20,22,2,8,NA,NA,3,9,7,5,1,0,NA,NA,0,0,5,25,5,19,NA,NA,5,29,14,0,0,0,NA,NA,0,0,0,0,0,0,NA,NA,0,0,0,0,0,1,NA,NA,1,0,0,1,0,0,NA,NA,0,0,0,0,0,1,NA,NA,0,0,0,2,0,0,NA,NA,0,3,1,2,0,0,NA,NA,0,2,1
2030-08-12,328,9,1,8,NA,NA,3,11,10,41,5,15,NA,NA,6,40,20,22,1,8,NA,NA,3,11,8,5,1,0,NA,NA,0,0,5,25,4,18,NA,NA,5,28,15,1,0,0,NA,NA,0,0,0,2,0,0,NA,NA,0,1,0,0,0,1,NA,NA,0,0,0,0,0,0,NA,NA,0,0,0,0,1,1,NA,NA,0,1,0,0,0,3,NA,NA,0,3,1,0,0,2,NA,NA,0,2,1
2030-09-12,326,11,1,7,NA,NA,3,11,10,41,5,15,NA,NA,6,38,19,24,1,8,NA,NA,3,11,8,6,1,0,NA,NA,0,0,5,24,3,18,NA,NA,5,27,15,1,0,1,NA,NA,0,1,0,0,0,0,NA,NA,0,2,1,0,0,0,NA,NA,0,1,0,0,0,0,NA,NA,0,0,0,1,1,0,NA,NA,0,1,0,5,0,0,NA,NA,0,1,0,5,0,0,NA,NA,0,1,0
2030-10-12,328,12,1,7,NA,NA,3,11,11,41,5,16,NA,NA,6,37,19,23,2,7,NA,NA,3,10,8,7,1,0,NA,NA,0,0,5,24,4,20,NA,NA,5,24,16,1,0,0,NA,NA,0,0,0,0,0,0,NA,NA,0,1,0,0,0,1,NA,NA,0,1,0,0,0,0,NA,NA,0,0,0,0,0,0,NA,NA,0,2,0,3,1,1,NA,NA,0,0,1,3,1,1,NA,NA,0,0,1
2030-11-12,333,13,2,7,NA,NA,2,12,9,41,5,16,NA,NA,7,37,21,23,3,8,NA,NA,2,12,8,7,1,0,NA,NA,0,0,5,24,4,19,NA,NA,5,24,16,0,0,0,NA,NA,0,0,0,0,0,0,NA,NA,0,0,0,0,0,0,NA,NA,0,0,0,0,0,0,NA,NA,0,0,0,1,0,1,NA,NA,0,0,0,1,1,1,NA,NA,0,3,0,1,1,1,NA,NA,0,3,0
2030-12-12,330,13,1,8,NA,NA,2,10,9,40,5,16,NA,NA,7,38,20,23,3,9,NA,NA,2,12,8,7,1,0,NA,NA,0,0,5,24,4,19,NA,NA,5,24,15,0,1,0,NA,NA,0,0,0,1,0,0,NA,NA,0,1,1,0,0,0,NA,NA,0,0,0,0,0,0,NA,NA,0,0,0,0,0,0,NA,NA,0,0,1,0,0,1,NA,NA,0,0,0,0,0,1,NA,NA,0,0,0
2031-01-12,328,13,1,9,NA,NA,2,9,9,40,5,15,NA,NA,7,37,20,22,3,9,NA,NA,2,12,7,8,1,0,NA,NA,0,0,5,25,4,19,NA,NA,5,24,15,0,0,0,NA,NA,0,1,0,0,0,1,NA,NA,0,1,1,0,0,0,NA,NA,0,0,0,0,0,0,NA,NA,0,0,0,0,0,0,NA,NA,0,0,0,0,0,1,NA,NA,0,0,1,0,0,1,NA,NA,0,0,1
2031-02-12,330,11,1,9,NA,NA,2,11,9,42,5,15,NA,NA,7,37,20,21,3,9,NA,NA,2,12,7,8,1,0,NA,NA,0,1,4,25,4,19,NA,NA,5,24,16,0,0,0,NA,NA,0,0,0,0,0,0,NA,NA,0,0,0,0,0,0,NA,NA,0,0,0,0,0,0,NA,NA,0,0,1,0,0,0,NA,NA,0,0,0,0,0,0,NA,NA,0,2,0,0,0,0,NA,NA,0,2,0
2031-03-12,327,11,1,10,NA,NA,2,11,9,41,5,15,NA,NA,7,37,20,22,3,8,NA,NA,2,12,7,8,1,0,NA,NA,0,1,4,23,4,19,NA,NA,5,23,16,0,0,0,NA,NA,0,0,0,1,0,0,NA,NA,0,0,0,0,0,1,NA,NA,0,0,0,0,0,0,NA,NA,0,0,0,2,0,0,NA,NA,0,1,0,1,0,1,NA,NA,0,0,0,1,0,1,NA,NA,0,0,0
2031-04-12,326,13,1,10,NA,NA,2,11,9,40,5,15,NA,NA,7,37,19,20,3,8,NA,NA,2,13,7,10,1,0,NA,NA,0,1,4,21,4,20,NA,NA,5,22,16,0,0,0,NA,NA,0,0,1,1,0,0,NA,NA,0,0,1,0,0,0,NA,NA,0,1,1,0,0,0,NA,NA,0,0,0,2,0,1,NA,NA,0,1,0,2,0,0,NA,NA,0,1,3,2,0,0,NA,NA,0,1,2
2031-05-12,330,14,1,9,NA,NA,2,12,9,40,5,16,NA,NA,7,37,19,19,3,7,NA,NA,2,13,8,12,1,0,NA,NA,0,1,4,21,4,20,NA,NA,6,22,16,0,0,0,NA,NA,0,0,0,1,0,0,NA,NA,0,0,0,0,0,1,NA,NA,0,0,0,0,0,0,NA,NA,0,0,0,0,0,0,NA,NA,0,0,0,2,0,1,NA,NA,0,1,1,2,0,1,NA,NA,0,1,1
2031-06-12,323,14,0,9,NA,NA,2,12,9,38,5,15,NA,NA,7,35,20,20,3,7,NA,NA,2,11,8,11,1,0,NA,NA,0,1,4,21,4,19,NA,NA,6,23,16,0,1,1,NA,NA,0,0,0,3,0,1,NA,NA,0,2,0,0,0,0,NA,NA,0,1,0,1,0,0,NA,NA,0,0,0,2,0,1,NA,NA,0,0,0,2,0,1,NA,NA,0,0,1,2,0,1,NA,NA,0,0,1
2031-07-12,328,15,0,11,NA,NA,4,13,7,38,5,14,NA,NA,7,35,21,19,3,7,NA,NA,3,12,8,12,1,0,NA,NA,0,1,4,21,4,19,NA,NA,6,22,16,1,0,0,NA,NA,0,0,1,0,0,1,NA,NA,0,0,0,0,0,1,NA,NA,0,0,0,0,0,0,NA,NA,0,0,0,0,0,0,NA,NA,0,1,0,2,0,3,NA,NA,2,2,0,2,0,3,NA,NA,1,2,0
2031-08-12,331,17,0,11,NA,NA,4,15,7,38,5,14,NA,NA,7,34,21,19,3,7,NA,NA,3,12,8,12,1,0,NA,NA,0,1,4,21,4,19,NA,NA,6,23,15,0,0,0,NA,NA,0,0,0,0,0,0,NA,NA,0,1,0,0,0,0,NA,NA,0,0,0,0,0,0,NA,NA,0,0,0,0,0,0,NA,NA,0,0,1,1,0,1,NA,NA,0,1,0,1,0,1,NA,NA,0,1,0
2031-09-12,332,19,0,11,NA,NA,4,15,7,37,5,14,NA,NA,7,36,22,19,2,7,NA,NA,3,11,7,12,1,0,NA,NA,0,1,4,22,4,17,NA,NA,6,23,16,0,0,0,NA,NA,0,1,0,1,0,0,NA,NA,0,0,0,0,0,0,NA,NA,0,0,1,0,0,0,NA,NA,0,0,0,0,0,2,NA,NA,0,0,0,1,0,0,NA,NA,0,2,1,1,0,0,NA,NA,0,2,1
